
--------------------------------------------------------------------------------------------------------------------------------------------------------------------------------------------------|----------X_r-------------------------------
 Restart                             Suggested                                                                         Current                                                              Total |                                Feasibility/
     No.                              Solution                                                                            Best                                                               Work |                                  Optimality
       r                                   X_r            gk             fk    phat     mk                               Z_r-1             gk             fk     phat   mkprev              (w_r) |             g             f
--------------------------------------------------------------------------------------------------------------------------------------------------------------------------------------------------|----------X_r-------------------------------
       1   [      14       3 ]      0.172594   -0.000124310  0.9572  27000                                                                                                4071600 |              F
       2   [      14       3 ]      0.172594   -0.000124310  0.9572  27000   [      14       3 ]      0.172594   -0.000124310  0.9572    27000       1    8166000 |              F
       3   [      12       4 ]      0.171921   -0.000229178  0.9677  27000   [      14       3 ]      0.172594   -0.000124310  0.9572    27000       1   11028800 |              F
       4                  NONE                                                               [      12       4 ]      0.171921   -0.000229178  0.9677    27000       1   11028800 |                                          -
       4                  NONE                                                               [      12       4 ]      0.171921   -0.000229178  0.9677    27000       1   11028800 |                                          -
       4                  NONE                                                               [      12       4 ]      0.171921   -0.000229178  0.9677    27000       1   11028800 |                                          -
       4   [      19       0 ]      1.000000   -0.500000000  1.0000  81000   [      12       4 ]      0.172122   -0.000100806  0.9729    81000       1   13330400 |              F
       5                  NONE                                                               [      12       4 ]      0.172122   -0.000100806  0.9729    81000       1   13330400 |                                          -
       5   [      14       3 ]      0.173123   -0.000037508  0.9629  81000   [      12       4 ]      0.172122   -0.000100806  0.9729    81000       1   19026000 |              F
       6   [      14       3 ]      0.173123   -0.000037508  0.9629  81000   [      12       4 ]      0.172122   -0.000100806  0.9729    81000       1   24824400 |              F
       7                  NONE                                                               [      12       4 ]      0.172122   -0.000100806  0.9729    81000       1   24824400 |                                          -
       7   [      14       3 ]      0.173123   -0.000037508  0.9629  81000   [      12       4 ]      0.172122   -0.000100806  0.9729    81000       1   30650800 |              F
