
--------------------------------------------------------------------------------------------------------------------------------------------------------------------------------------------------|----------X_r-------------------------------
 Restart                             Suggested                                                                         Current                                                              Total |                                Feasibility/
     No.                              Solution                                                                            Best                                                               Work |                                  Optimality
       r                                   X_r            gk             fk    phat     mk                               Z_r-1             gk             fk     phat   mkprev              (w_r) |             g             f
--------------------------------------------------------------------------------------------------------------------------------------------------------------------------------------------------|----------X_r-------------------------------
       1   [      14       3 ]      0.172594   -0.000124310  0.9572  27000                                                                                                4069200 |              F
       2                  NONE                                                               [      14       3 ]      0.172594   -0.000124310  0.9572    27000       1    4069200 |                                          -
       2   [      14       3 ]      0.172594   -0.000124310  0.9572  27000   [      14       3 ]      0.172594   -0.000124310  0.9572    27000       1    8138400 |              F
       3   [      14       3 ]      0.172594   -0.000124310  0.9572  27000   [      14       3 ]      0.172594   -0.000124310  0.9572    27000       1   12231600 |              F
       4                  NONE                                                               [      14       3 ]      0.172594   -0.000124310  0.9572    27000       1   12231600 |                                          -
       4                  NONE                                                               [      14       3 ]      0.172594   -0.000124310  0.9572    27000       1   12231600 |                                          -
       4   [      14       3 ]      0.172594   -0.000124310  0.9572  27000   [      14       3 ]      0.172594   -0.000124310  0.9572    27000       1   16324800 |              F
       5                  NONE                                                               [      14       3 ]      0.172594   -0.000124310  0.9572    27000       1   16324800 |                                          -
       5   [      11       5 ]      0.173191   -0.000193150  0.9585  27000   [      14       3 ]      0.172594   -0.000124310  0.9572    27000       1   20022400 |              F
       6   [      12       4 ]      0.171921   -0.000229178  0.9677  27000   [      14       3 ]      0.172594   -0.000124310  0.9572    27000       1   22777200 |              F
       7                  NONE                                                               [      12       4 ]      0.171921   -0.000229178  0.9677    27000       1   22777200 |                                          -
       7   [      14       3 ]      0.172594   -0.000124310  0.9572  27000   [      12       4 ]      0.171921   -0.000229178  0.9677    27000       1   26723200 |              F
       8   [      11       5 ]      0.173191   -0.000193150  0.9585  27000   [      12       4 ]      0.171921   -0.000229178  0.9677    27000       1   30322000 |              F
