
--------------------------------------------------------------------------------------------------------------------------------------------------------------------------------------------------|----------X_r-------------------------------
 Restart                             Suggested                                                                         Current                                                              Total |                                Feasibility/
     No.                              Solution                                                                            Best                                                               Work |                                  Optimality
       r                                   X_r            gk             fk    phat     mk                               Z_r-1             gk             fk     phat   mkprev              (w_r) |             g             f
--------------------------------------------------------------------------------------------------------------------------------------------------------------------------------------------------|----------X_r-------------------------------
       1   [      14       3 ]      0.172594   -0.000124310  0.9572  27000                                                                                                4069200 |              F
       2   [      14       3 ]      0.172594   -0.000124310  0.9572  27000   [      14       3 ]      0.172594   -0.000124310  0.9572    27000       1    8298400 |              F
       3                  NONE                                                               [      14       3 ]      0.172594   -0.000124310  0.9572    27000       1    8298400 |                                          -
       3   [      11       5 ]      0.173191   -0.000193150  0.9585  27000   [      14       3 ]      0.172594   -0.000124310  0.9572    27000       1   11897200 |              F
       4                  NONE                                                               [      14       3 ]      0.172594   -0.000124310  0.9572    27000       1   11897200 |                                          -
       4   [      12       4 ]      0.171921   -0.000229178  0.9677  27000   [      14       3 ]      0.172594   -0.000124310  0.9572    27000       1   14652000 |              F
       5   [      14       3 ]      0.172594   -0.000124310  0.9572  27000   [      12       4 ]      0.171921   -0.000229178  0.9677    27000       1   18598000 |              F
       6                  NONE                                                               [      12       4 ]      0.171921   -0.000229178  0.9677    27000       1   18598000 |                                          -
       6   [      14       3 ]      0.172594   -0.000124310  0.9572  27000   [      12       4 ]      0.171921   -0.000229178  0.9677    27000       1   22692400 |              F
       7   [      12       4 ]      0.171921   -0.000229178  0.9677  27000   [      12       4 ]      0.171921   -0.000229178  0.9677    27000       1   25447200 |              F
       8   [      14       3 ]      0.172594   -0.000124310  0.9572  27000   [      12       4 ]      0.171921   -0.000229178  0.9677    27000       1   29459200 |              F
       9                  NONE                                                               [      12       4 ]      0.171921   -0.000229178  0.9677    27000       1   29459200 |                                          -
       9   [      14       3 ]      0.172594   -0.000124310  0.9572  27000   [      12       4 ]      0.171921   -0.000229178  0.9677    27000       1   33418400 |              F
