
--------------------------------------------------------------------------------------------------------------------------------------------------------------------------------------------------|----------X_r-------------------------------
 Restart                             Suggested                                                                         Current                                                              Total |                                Feasibility/
     No.                              Solution                                                                            Best                                                               Work |                                  Optimality
       r                                   X_r            gk             fk    phat     mk                               Z_r-1             gk             fk     phat   mkprev              (w_r) |             g             f
--------------------------------------------------------------------------------------------------------------------------------------------------------------------------------------------------|----------X_r-------------------------------
       1                  NONE                                                                                                                                                               0 |                                          -
       1   [      14       3 ]      0.172594   -0.000124310  0.9572  27000                                                                                                4069200 |              F
       2   [      14       3 ]      0.172594   -0.000124310  0.9572  27000   [      14       3 ]      0.172594   -0.000124310  0.9572    27000       1    8028400 |              F
       3                  NONE                                                               [      14       3 ]      0.172594   -0.000124310  0.9572    27000       1    8028400 |                                          -
       3   [      14       3 ]      0.172594   -0.000124310  0.9572  27000   [      14       3 ]      0.172594   -0.000124310  0.9572    27000       1   12040400 |              F
       4                  NONE                                                               [      14       3 ]      0.172594   -0.000124310  0.9572    27000       1   12040400 |                                          -
       4   [      14       3 ]      0.172594   -0.000124310  0.9572  27000   [      14       3 ]      0.172594   -0.000124310  0.9572    27000       1   16248000 |              F
       5   [      14       3 ]      0.172594   -0.000124310  0.9572  27000   [      14       3 ]      0.172594   -0.000124310  0.9572    27000       1   20392000 |              F
       6   [      12       4 ]      0.171921   -0.000229178  0.9677  27000   [      14       3 ]      0.172594   -0.000124310  0.9572    27000       1   23191200 |              F
       7                  NONE                                                               [      12       4 ]      0.171921   -0.000229178  0.9677    27000       1   23191200 |                                          -
       7                  NONE                                                               [      12       4 ]      0.171921   -0.000229178  0.9677    27000       1   23191200 |                                          -
       7                  NONE                                                               [      12       4 ]      0.171921   -0.000229178  0.9677    27000       1   23191200 |                                          -
       7   [      14       3 ]      0.172594   -0.000124310  0.9572  27000   [      12       4 ]      0.171921   -0.000229178  0.9677    27000       1   27285600 |              F
       8   [      14       3 ]      0.172594   -0.000124310  0.9572  27000   [      12       4 ]      0.171921   -0.000229178  0.9677    27000       1   31297600 |              F
