
--------------------------------------------------------------------------------------------------------------------------------------------------------------------------------------------------|----------X_r-------------------------------
 Restart                             Suggested                                                                         Current                                                              Total |                                Feasibility/
     No.                              Solution                                                                            Best                                                               Work |                                  Optimality
       r                                   X_r            gk             fk    phat     mk                               Z_r-1             gk             fk     phat   mkprev              (w_r) |             g             f
--------------------------------------------------------------------------------------------------------------------------------------------------------------------------------------------------|----------X_r-------------------------------
       1   [      14       3 ]      0.172594   -0.000124310  0.9572  27000                                                                                                3967600 |              F
       2                  NONE                                                               [      14       3 ]      0.172594   -0.000124310  0.9572    27000       1    3967600 |                                          -
       2                  NONE                                                               [      14       3 ]      0.172594   -0.000124310  0.9572    27000       1    3967600 |                                          -
       2                  NONE                                                               [      14       3 ]      0.172594   -0.000124310  0.9572    27000       1    3967600 |                                          -
       2   [      14       3 ]      0.172594   -0.000124310  0.9572  27000   [      14       3 ]      0.172594   -0.000124310  0.9572    27000       1    8039200 |              F
       3                  NONE                                                               [      14       3 ]      0.172594   -0.000124310  0.9572    27000       1    8039200 |                                          -
       3   [      11       5 ]      0.173191   -0.000193150  0.9585  27000   [      14       3 ]      0.172594   -0.000124310  0.9572    27000       1   11638000 |              F
       4   [      14       3 ]      0.172594   -0.000124310  0.9572  27000   [      14       3 ]      0.172594   -0.000124310  0.9572    27000       1   15731200 |              F
       5                  NONE                                                               [      14       3 ]      0.172594   -0.000124310  0.9572    27000       1   15731200 |                                          -
       5                  NONE                                                               [      14       3 ]      0.172594   -0.000124310  0.9572    27000       1   15731200 |                                          -
       5                  NONE                                                               [      14       3 ]      0.172594   -0.000124310  0.9572    27000       1   15731200 |                                          -
       5                  NONE                                                               [      14       3 ]      0.172594   -0.000124310  0.9572    27000       1   15731200 |                                          -
       5   [      14       3 ]      0.172594   -0.000124310  0.9572  27000   [      14       3 ]      0.172594   -0.000124310  0.9572    27000       1   19800400 |              F
       6                  NONE                                                               [      14       3 ]      0.172594   -0.000124310  0.9572    27000       1   19800400 |                                          -
       6   [      14       3 ]      0.172594   -0.000124310  0.9572  27000   [      14       3 ]      0.172594   -0.000124310  0.9572    27000       1   24029600 |              F
       7                  NONE                                                               [      14       3 ]      0.172594   -0.000124310  0.9572    27000       1   24029600 |                                          -
       7   [      14       3 ]      0.172594   -0.000124310  0.9572  27000   [      14       3 ]      0.172594   -0.000124310  0.9572    27000       1   28098800 |              F
       8                  NONE                                                               [      14       3 ]      0.172594   -0.000124310  0.9572    27000       1   28098800 |                                          -
       8   [      19       0 ]      1.000000   -0.500000000  1.0000  81000   [      14       3 ]      0.173123   -0.000037508  0.9629    81000       1   30400400 |              F
