
--------------------------------------------------------------------------------------------------------------------------------------------------------------------------------------------------|----------X_r-------------------------------
 Restart                             Suggested                                                                         Current                                                              Total |                                Feasibility/
     No.                              Solution                                                                            Best                                                               Work |                                  Optimality
       r                                   X_r            gk             fk    phat     mk                               Z_r-1             gk             fk     phat   mkprev              (w_r) |             g             f
--------------------------------------------------------------------------------------------------------------------------------------------------------------------------------------------------|----------X_r-------------------------------
       1                  NONE                                                                                                                                                               0 |                                          -
       1                  NONE                                                                                                                                                               0 |                                          -
       1   [      14       3 ]      0.172594   -0.000124310  0.9572  27000                                                                                                3990400 |              F
       2   [      14       3 ]      0.172594   -0.000124310  0.9572  27000   [      14       3 ]      0.172594   -0.000124310  0.9572    27000       1    8090000 |              F
       3   [      12       4 ]      0.171921   -0.000229178  0.9677  27000   [      14       3 ]      0.172594   -0.000124310  0.9572    27000       1   10910800 |              F
       4                  NONE                                                               [      12       4 ]      0.171921   -0.000229178  0.9677    27000       1   10910800 |                                          -
       4   [      14       3 ]      0.172594   -0.000124310  0.9572  27000   [      12       4 ]      0.171921   -0.000229178  0.9677    27000       1   14980000 |              F
       5                  NONE                                                               [      12       4 ]      0.171921   -0.000229178  0.9677    27000       1   14980000 |                                          -
       5                  NONE                                                               [      12       4 ]      0.171921   -0.000229178  0.9677    27000       1   14980000 |                                          -
       5                  NONE                                                               [      12       4 ]      0.171921   -0.000229178  0.9677    27000       1   14980000 |                                          -
       5                  NONE                                                               [      12       4 ]      0.171921   -0.000229178  0.9677    27000       1   14980000 |                                          -
       5                  NONE                                                               [      12       4 ]      0.171921   -0.000229178  0.9677    27000       1   14980000 |                                          -
       5                  NONE                                                               [      12       4 ]      0.171921   -0.000229178  0.9677    27000       1   14980000 |                                          -
       5                  NONE                                                               [      12       4 ]      0.171921   -0.000229178  0.9677    27000       1   14980000 |                                          -
       5   [      14       3 ]      0.172594   -0.000124310  0.9572  27000   [      12       4 ]      0.171921   -0.000229178  0.9677    27000       1   19074400 |              F
       6   [      14       3 ]      0.172594   -0.000124310  0.9572  27000   [      12       4 ]      0.171921   -0.000229178  0.9677    27000       1   23167600 |              F
       7                  NONE                                                               [      12       4 ]      0.171921   -0.000229178  0.9677    27000       1   23167600 |                                          -
       7   [      11       5 ]      0.173191   -0.000193150  0.9585  27000   [      12       4 ]      0.171921   -0.000229178  0.9677    27000       1   26865200 |              F
       8   [      12       4 ]      0.171921   -0.000229178  0.9677  27000   [      12       4 ]      0.171921   -0.000229178  0.9677    27000       1   29686000 |              F
       9                  NONE                                                               [      12       4 ]      0.171921   -0.000229178  0.9677    27000       1   29686000 |                                          -
       9   [      19       0 ]      1.000000   -0.500000000  1.0000  81000   [      12       4 ]      0.172122   -0.000100806  0.9729    81000       1   31987600 |              F
