
--------------------------------------------------------------------------------------------------------------------------------------------------------------------------------------------------|----------X_r-------------------------------
 Restart                             Suggested                                                                         Current                                                              Total |                                Feasibility/
     No.                              Solution                                                                            Best                                                               Work |                                  Optimality
       r                                   X_r            gk             fk    phat     mk                               Z_r-1             gk             fk     phat   mkprev              (w_r) |             g             f
--------------------------------------------------------------------------------------------------------------------------------------------------------------------------------------------------|----------X_r-------------------------------
       1   [      12       4 ]      0.171921   -0.000229178  0.9677  27000                                                                                                2798000 |              F
       2   [      14       3 ]      0.172594   -0.000124310  0.9572  27000   [      12       4 ]      0.171921   -0.000229178  0.9677    27000       1    6855600 |              F
       3   [      11       5 ]      0.173191   -0.000193150  0.9585  27000   [      12       4 ]      0.171921   -0.000229178  0.9677    27000       1   10553200 |              F
       4   [      14       3 ]      0.172594   -0.000124310  0.9572  27000   [      12       4 ]      0.171921   -0.000229178  0.9677    27000       1   14499200 |              F
       5                  NONE                                                               [      12       4 ]      0.171921   -0.000229178  0.9677    27000       1   14499200 |                                          -
       5   [      14       3 ]      0.172594   -0.000124310  0.9572  27000   [      12       4 ]      0.171921   -0.000229178  0.9677    27000       1   18592400 |              F
       6                  NONE                                                               [      12       4 ]      0.171921   -0.000229178  0.9677    27000       1   18592400 |                                          -
       6                  NONE                                                               [      12       4 ]      0.171921   -0.000229178  0.9677    27000       1   18592400 |                                          -
       6   [      14       3 ]      0.172594   -0.000124310  0.9572  27000   [      12       4 ]      0.171921   -0.000229178  0.9677    27000       1   22661600 |              F
       7   [      12       4 ]      0.171921   -0.000229178  0.9677  27000   [      12       4 ]      0.171921   -0.000229178  0.9677    27000       1   25438000 |              F
       8   [      14       3 ]      0.172594   -0.000124310  0.9572  27000   [      12       4 ]      0.171921   -0.000229178  0.9677    27000       1   29384000 |              F
       9                  NONE                                                               [      12       4 ]      0.171921   -0.000229178  0.9677    27000       1   29384000 |                                          -
       9                  NONE                                                               [      12       4 ]      0.171921   -0.000229178  0.9677    27000       1   29384000 |                                          -
       9                  NONE                                                               [      12       4 ]      0.171921   -0.000229178  0.9677    27000       1   29384000 |                                          -
       9   [      14       3 ]      0.172594   -0.000124310  0.9572  27000   [      12       4 ]      0.171921   -0.000229178  0.9677    27000       1   33462000 |              F
