
--------------------------------------------------------------------------------------------------------------------------------------------------------------------------------------------------|----------X_r-------------------------------
 Restart                             Suggested                                                                         Current                                                              Total |                                Feasibility/
     No.                              Solution                                                                            Best                                                               Work |                                  Optimality
       r                                   X_r            gk             fk    phat     mk                               Z_r-1             gk             fk     phat   mkprev              (w_r) |             g             f
--------------------------------------------------------------------------------------------------------------------------------------------------------------------------------------------------|----------X_r-------------------------------
       1                  NONE                                                                                                                                                               0 |                                          -
       1   [      14       3 ]      0.172594   -0.000124310  0.9572  27000                                                                                                4099600 |              F
       2   [      14       3 ]      0.172594   -0.000124310  0.9572  27000   [      14       3 ]      0.172594   -0.000124310  0.9572    27000       1    8196400 |              F
       3                  NONE                                                               [      14       3 ]      0.172594   -0.000124310  0.9572    27000       1    8196400 |                                          -
       3   [      14       3 ]      0.172594   -0.000124310  0.9572  27000   [      14       3 ]      0.172594   -0.000124310  0.9572    27000       1   12186800 |              F
       4                  NONE                                                               [      14       3 ]      0.172594   -0.000124310  0.9572    27000       1   12186800 |                                          -
       4   [      14       3 ]      0.172594   -0.000124310  0.9572  27000   [      14       3 ]      0.172594   -0.000124310  0.9572    27000       1   16308000 |              F
       5                  NONE                                                               [      14       3 ]      0.172594   -0.000124310  0.9572    27000       1   16308000 |                                          -
       5                  NONE                                                               [      14       3 ]      0.172594   -0.000124310  0.9572    27000       1   16308000 |                                          -
       5   [      14       3 ]      0.172594   -0.000124310  0.9572  27000   [      14       3 ]      0.172594   -0.000124310  0.9572    27000       1   20386000 |              F
       6   [      12       4 ]      0.171921   -0.000229178  0.9677  27000   [      14       3 ]      0.172594   -0.000124310  0.9572    27000       1   23140800 |              F
       7                  NONE                                                               [      12       4 ]      0.171921   -0.000229178  0.9677    27000       1   23140800 |                                          -
       7   [      19       0 ]      1.000000   -0.500000000  1.0000  81000   [      12       4 ]      0.172122   -0.000100806  0.9729    81000       1   25442400 |              F
       8   [      11       5 ]      0.172987   -0.000015005  0.9617  81000   [      12       4 ]      0.172122   -0.000100806  0.9729    81000       1   30746400 |              F
