
--------------------------------------------------------------------------------------------------------------------------------------------------------------------------------------------------|----------X_r-------------------------------
 Restart                             Suggested                                                                         Current                                                              Total |                                Feasibility/
     No.                              Solution                                                                            Best                                                               Work |                                  Optimality
       r                                   X_r            gk             fk    phat     mk                               Z_r-1             gk             fk     phat   mkprev              (w_r) |             g             f
--------------------------------------------------------------------------------------------------------------------------------------------------------------------------------------------------|----------X_r-------------------------------
       1   [      14       3 ]      0.172594   -0.000124310  0.9572  27000                                                                                                4069200 |              F
       2   [      14       3 ]      0.172594   -0.000124310  0.9572  27000   [      14       3 ]      0.172594   -0.000124310  0.9572    27000       1    8233600 |              F
       3   [      14       3 ]      0.172594   -0.000124310  0.9572  27000   [      14       3 ]      0.172594   -0.000124310  0.9572    27000       1   12179600 |              F
       4   [      14       3 ]      0.172594   -0.000124310  0.9572  27000   [      14       3 ]      0.172594   -0.000124310  0.9572    27000       1   16274000 |              F
       5                  NONE                                                               [      14       3 ]      0.172594   -0.000124310  0.9572    27000       1   16274000 |                                          -
       5   [      11       5 ]      0.173191   -0.000193150  0.9585  27000   [      14       3 ]      0.172594   -0.000124310  0.9572    27000       1   19872800 |              F
       6                  NONE                                                               [      14       3 ]      0.172594   -0.000124310  0.9572    27000       1   19872800 |                                          -
       6   [      12       4 ]      0.171921   -0.000229178  0.9677  27000   [      14       3 ]      0.172594   -0.000124310  0.9572    27000       1   22627600 |              F
       7   [      14       3 ]      0.172594   -0.000124310  0.9572  27000   [      12       4 ]      0.171921   -0.000229178  0.9677    27000       1   26722000 |              F
       8                  NONE                                                               [      12       4 ]      0.171921   -0.000229178  0.9677    27000       1   26722000 |                                          -
       8   [      14       3 ]      0.172594   -0.000124310  0.9572  27000   [      12       4 ]      0.171921   -0.000229178  0.9677    27000       1   30800000 |              F
