
--------------------------------------------------------------------------------------------------------------------------------------------------------------------------------------------------|----------X_r-------------------------------
 Restart                             Suggested                                                                         Current                                                              Total |                                Feasibility/
     No.                              Solution                                                                            Best                                                               Work |                                  Optimality
       r                                   X_r            gk             fk    phat     mk                               Z_r-1             gk             fk     phat   mkprev              (w_r) |             g             f
--------------------------------------------------------------------------------------------------------------------------------------------------------------------------------------------------|----------X_r-------------------------------
       1                  NONE                                                                                                                                                               0 |                                          -
       1   [      14       3 ]      0.172594   -0.000124310  0.9572  27000                                                                                                4047600 |              F
       2                  NONE                                                               [      14       3 ]      0.172594   -0.000124310  0.9572    27000       1    4047600 |                                          -
       2   [      14       3 ]      0.172594   -0.000124310  0.9572  27000   [      14       3 ]      0.172594   -0.000124310  0.9572    27000       1    8144400 |              F
       3   [      14       3 ]      0.172594   -0.000124310  0.9572  27000   [      14       3 ]      0.172594   -0.000124310  0.9572    27000       1   12216000 |              F
       4   [      12       4 ]      0.171921   -0.000229178  0.9677  27000   [      14       3 ]      0.172594   -0.000124310  0.9572    27000       1   15015200 |              F
       5                  NONE                                                               [      12       4 ]      0.171921   -0.000229178  0.9677    27000       1   15015200 |                                          -
       5                  NONE                                                               [      12       4 ]      0.171921   -0.000229178  0.9677    27000       1   15015200 |                                          -
       5   [      12       4 ]      0.171921   -0.000229178  0.9677  27000   [      12       4 ]      0.171921   -0.000229178  0.9677    27000       1   17814400 |              F
       6   [      14       3 ]      0.172594   -0.000124310  0.9572  27000   [      12       4 ]      0.171921   -0.000229178  0.9677    27000       1   21886000 |              F
       7   [      14       3 ]      0.172594   -0.000124310  0.9572  27000   [      12       4 ]      0.171921   -0.000229178  0.9677    27000       1   25979200 |              F
       8   [      14       3 ]      0.172594   -0.000124310  0.9572  27000   [      12       4 ]      0.171921   -0.000229178  0.9677    27000       1   30072400 |              F
