
--------------------------------------------------------------------------------------------------------------------------------------------------------------------------------------------------|----------X_r-------------------------------
 Restart                             Suggested                                                                         Current                                                              Total |                                Feasibility/
     No.                              Solution                                                                            Best                                                               Work |                                  Optimality
       r                                   X_r            gk             fk    phat     mk                               Z_r-1             gk             fk     phat   mkprev              (w_r) |             g             f
--------------------------------------------------------------------------------------------------------------------------------------------------------------------------------------------------|----------X_r-------------------------------
       1   [      15      14 ]      0.021848   -0.005316995  0.9450   5400                                                                                                 895200 |              F
       2   [      17      13 ]      0.030402   -0.003272376  0.9411   5400   [      15      14 ]      0.021848   -0.005316995  0.9450     5400       1    1830000 |              F
       3   [       3      20 ]      0.013447   -0.000955402  0.9545  16200   [      15      14 ]      0.029023   -0.000425824  0.9481    16200       1    2829800 |              F
       4   [       5      19 ]      0.013651   -0.001391443  0.9532  16200   [       3      20 ]      0.013447   -0.000955402  0.9545    16200       1    3933400 |              F
       5   [       3      20 ]      0.013447   -0.000955402  0.9545  16200   [       3      20 ]      0.013447   -0.000955402  0.9545    16200       1    4919200 |              F
       6   [       3      20 ]      0.013447   -0.000955402  0.9545  16200   [       3      20 ]      0.013447   -0.000955402  0.9545    16200       1    5905000 |              F
       7   [      32       8 ]      0.133926   -0.003517999  0.9480  16200   [       3      20 ]      0.013447   -0.000955402  0.9545    16200       1    6523600 |              F
       8   [      15      14 ]      0.029023   -0.000425824  0.9481  16200   [       3      20 ]      0.013447   -0.000955402  0.9545    16200       1    7435000 |              F
       9   [      31       8 ]      0.133913   -0.003517999  0.9480  16200   [       3      20 ]      0.013447   -0.000955402  0.9545    16200       1    8296000 |              F
      10   [      31       8 ]      0.133913   -0.003517999  0.9480  16200   [       3      20 ]      0.013447   -0.000955402  0.9545    16200       1    9091000 |              F
      11   [      32       8 ]      0.133926   -0.003517999  0.9480  16200   [       3      20 ]      0.013447   -0.000955402  0.9545    16200       1    9813000 |              F
      12   [      26      10 ]      0.083183   -0.004918681  0.9484  16200   [       3      20 ]      0.013447   -0.000955402  0.9545    16200       1   10475800 |              F
      13   [      26      10 ]      0.083183   -0.004918681  0.9484  16200   [       3      20 ]      0.013447   -0.000955402  0.9545    16200       1   11194400 |              F
      14   [      15      14 ]      0.029023   -0.000425824  0.9481  16200   [       3      20 ]      0.013447   -0.000955402  0.9545    16200       1   12042000 |              F
      15   [      12      15 ]      0.023137   -0.001529316  0.9491  16200   [       3      20 ]      0.013447   -0.000955402  0.9545    16200       1   12698200 |              F
      16   [      40       5 ]      0.229571   -0.141061657  0.9606  16200   [       3      20 ]      0.013447   -0.000955402  0.9545    16200       1   13366400 |              F
      17   [       5      19 ]      0.013651   -0.001391443  0.9532  16200   [       3      20 ]      0.013447   -0.000955402  0.9545    16200       1   14441400 |              F
      18   [      26      10 ]      0.083183   -0.004918681  0.9484  16200   [       3      20 ]      0.013447   -0.000955402  0.9545    16200       1   15104200 |              F
      19   [      40       5 ]      0.229571   -0.141061657  0.9606  16200   [       3      20 ]      0.013447   -0.000955402  0.9545    16200       1   15869200 |              F
      20   [      21      12 ]      0.053016   -0.001663249  0.9482  16200   [       3      20 ]      0.013447   -0.000955402  0.9545    16200       1   16544600 |              F
      21   [      49       2 ]      0.430028   -0.006279034  0.9489  16200   [       3      20 ]      0.013447   -0.000955402  0.9545    16200       1   17817000 |              F
      22   [      41       5 ]      0.229586   -0.141061657  0.9606  16200   [       3      20 ]      0.013447   -0.000955402  0.9545    16200       1   18725000 |              F
      23   [      41       5 ]      0.229586   -0.141061657  0.9606  16200   [       3      20 ]      0.013447   -0.000955402  0.9545    16200       1   19536200 |              F
      24   [      31       8 ]      0.133913   -0.003517999  0.9480  16200   [       3      20 ]      0.013447   -0.000955402  0.9545    16200       1   20267400 |              F
      25   [       8      17 ]      0.016014   -0.002621229  0.9526  16200   [       3      20 ]      0.013447   -0.000955402  0.9545    16200       1   21346600 |              F
      26   [      17      13 ]      0.038631   -0.001577840  0.9485  16200   [       3      20 ]      0.013447   -0.000955402  0.9545    16200       1   22204200 |              F
      27   [       3      20 ]      0.013447   -0.000955402  0.9545  16200   [       3      20 ]      0.013447   -0.000955402  0.9545    16200       1   23190000 |              F
      28   [      57       0 ]      1.000000  -11.000000000  1.0000  16200   [       3      20 ]      0.013447   -0.000955402  0.9545    16200       1   23345000 |              F
      29   [       9      17 ]      0.016016   -0.001799890  0.9552  16200   [       3      20 ]      0.013447   -0.000955402  0.9545    16200       1   24182800 |              F
      30   [      28       9 ]      0.099687   -0.002214389  0.9484  16200   [       3      20 ]      0.013447   -0.000955402  0.9545    16200       1   25422200 |              F
      31   [      56       0 ]      1.000000  -11.000000000  1.0000  16200   [       3      20 ]      0.013447   -0.000955402  0.9545    16200       1   25604400 |              F
      32   [      26      10 ]      0.081873   -0.008723397  0.9498  16200   [       3      20 ]      0.013447   -0.000955402  0.9545    16200       1   26659600 |              F
      33   [       5      19 ]      0.013485   -0.000195510  0.9495  16200   [       3      20 ]      0.013447   -0.000955402  0.9545    16200       1   27705600 |              F
      34   [       5      19 ]      0.013485   -0.000195510  0.9495  16200   [       3      20 ]      0.013447   -0.000955402  0.9545    16200       1   28782400 |              F
      35   [       5      19 ]      0.013485   -0.000195510  0.9495  16200   [       3      20 ]      0.013447   -0.000955402  0.9545    16200       1   29865800 |              F
      36   [      53       1 ]      0.607266   -0.040288236  0.9485  16200   [       3      20 ]      0.013447   -0.000955402  0.9545    16200       1   31415600 |              F
      37   [      26      10 ]      0.081873   -0.008723397  0.9498  16200   [       3      20 ]      0.013447   -0.000955402  0.9545    16200       1   32440000 |              F
      38   [      40       5 ]      0.235244   -0.009232620  0.9483  16200   [       3      20 ]      0.013447   -0.000955402  0.9545    16200       1   33547400 |              F
      39   [      26      10 ]      0.081873   -0.008723397  0.9498  16200   [       3      20 ]      0.013447   -0.000955402  0.9545    16200       1   34534400 |              F
      40   [      19      13 ]      0.037776   -0.072794646  0.9885  16200   [       3      20 ]      0.013447   -0.000955402  0.9545    16200       1   35337000 |              F
      41   [      53       1 ]      0.607266   -0.040288236  0.9485  16200   [       3      20 ]      0.013447   -0.000955402  0.9545    16200       1   36884600 |              F
      42   [      40       5 ]      0.235244   -0.009232620  0.9483  16200   [       3      20 ]      0.013447   -0.000955402  0.9545    16200       1   37866600 |              F
      43   [       5      19 ]      0.013485   -0.000195510  0.9495  16200   [       3      20 ]      0.013447   -0.000955402  0.9545    16200       1   38912600 |              F
      44   [      53       1 ]      0.607266   -0.040288236  0.9485  16200   [       3      20 ]      0.013447   -0.000955402  0.9545    16200       1   40486600 |              F
      45   [      16      14 ]      0.027699   -0.008994594  0.9593  16200   [       3      20 ]      0.013447   -0.000955402  0.9545    16200       1   41310400 |              F
      46   [      20      12 ]      0.050021   -0.012740323  0.9575  16200   [       3      20 ]      0.013447   -0.000955402  0.9545    16200       1   42373000 |              F
      47   [      32       8 ]      0.129836   -0.019624482  0.9504  16200   [       3      20 ]      0.013447   -0.000955402  0.9545    16200       1   43332200 |              F
      48   [      32       8 ]      0.129836   -0.019624482  0.9504  16200   [       3      20 ]      0.013447   -0.000955402  0.9545    16200       1   44348600 |              F
      49   [      32       8 ]      0.129836   -0.019624482  0.9504  16200   [       3      20 ]      0.013447   -0.000955402  0.9545    16200       1   45362800 |              F
      50   [      20      12 ]      0.050021   -0.012740323  0.9575  16200   [       3      20 ]      0.013447   -0.000955402  0.9545    16200       1   46423200 |              F
      51   [      40       5 ]      0.235244   -0.009232620  0.9483  16200   [       3      20 ]      0.013447   -0.000955402  0.9545    16200       1   47792400 |              F
      52   [      40       5 ]      0.235244   -0.009232620  0.9483  16200   [       3      20 ]      0.013447   -0.000955402  0.9545    16200       1   49029600 |              F
      53   [      10      16 ]      0.017385   -0.000144864  0.9480  16200   [       3      20 ]      0.013447   -0.000955402  0.9545    16200       1   50338400 |              F
