
--------------------------------------------------------------------------------------------------------------------------------------------------------------------------------------------------|----------X_r-------------------------------
 Restart                             Suggested                                                                         Current                                                              Total |                                Feasibility/
     No.                              Solution                                                                            Best                                                               Work |                                  Optimality
       r                                   X_r            gk             fk    phat     mk                               Z_r-1             gk             fk     phat   mkprev              (w_r) |             g             f
--------------------------------------------------------------------------------------------------------------------------------------------------------------------------------------------------|----------X_r-------------------------------
       1   [      37       6 ]      0.198635   -0.042820873  0.9173    600                                                                                                 573600 |              F
       2   [      18      13 ]      0.029996   -0.001039443  0.9386   5400   [      37       6 ]      0.178378   -0.098188662  0.9638     5400       1    1466400 |              F
       3   [       5      19 ]      0.013319   -0.001529766  0.9534  16200   [      18      13 ]      0.038143   -0.000452586  0.9480    16200       1    2645200 |              F
       4   [      47       3 ]      0.348856   -0.176011237  0.9573  16200   [       5      19 ]      0.013319   -0.001529766  0.9534    16200       1    3844000 |              F
       5                  NONE                                                               [       5      19 ]      0.013319   -0.001529766  0.9534    16200       1    3844000 |                                          -
       5   [      11      16 ]      0.018119   -0.001738592  0.9499  16200   [       5      19 ]      0.013319   -0.001529766  0.9534    16200       1    4904000 |              F
       6   [      11      16 ]      0.018119   -0.001738592  0.9499  16200   [       5      19 ]      0.013319   -0.001529766  0.9534    16200       1    6286400 |              F
       7   [      56       0 ]      1.000000  -11.000000000  1.0000  16200   [       5      19 ]      0.013319   -0.001529766  0.9534    16200       1    6460400 |              F
       8   [      23      11 ]      0.066023   -0.001377480  0.9480  16200   [       5      19 ]      0.013319   -0.001529766  0.9534    16200       1    7338400 |              F
       9   [      35       7 ]      0.162341   -0.037280548  0.9506  16200   [       5      19 ]      0.013319   -0.001529766  0.9534    16200       1    8704800 |              F
      10                  NONE                                                               [       5      19 ]      0.013319   -0.001529766  0.9534    16200       1    8704800 |                                          -
      10   [      11      16 ]      0.018119   -0.001738592  0.9499  16200   [       5      19 ]      0.013319   -0.001529766  0.9534    16200       1    9762400 |              F
      11   [       5      19 ]      0.013319   -0.001529766  0.9534  16200   [       5      19 ]      0.013319   -0.001529766  0.9534    16200       1   10668400 |              F
      12   [       6      18 ]      0.013949   -0.000132773  0.9481  16200   [       5      19 ]      0.013319   -0.001529766  0.9534    16200       1   11613200 |              F
      13   [      11      16 ]      0.018119   -0.001738592  0.9499  16200   [       5      19 ]      0.013319   -0.001529766  0.9534    16200       1   12673200 |              F
      14   [       9      17 ]      0.015691   -0.000613434  0.9488  16200   [       5      19 ]      0.013319   -0.001529766  0.9534    16200       1   13642400 |              F
      15   [      34       7 ]      0.162329   -0.023317234  0.9496  16200   [       5      19 ]      0.013319   -0.001529766  0.9534    16200       1   14898000 |              F
      16   [       6      18 ]      0.013949   -0.000132773  0.9481  16200   [       5      19 ]      0.013319   -0.001529766  0.9534    16200       1   15840400 |              F
      17   [      35       7 ]      0.162341   -0.037280548  0.9506  16200   [       5      19 ]      0.013319   -0.001529766  0.9534    16200       1   17206800 |              F
      18   [       9      17 ]      0.015691   -0.000613434  0.9488  16200   [       5      19 ]      0.013319   -0.001529766  0.9534    16200       1   18194000 |              F
      19   [      34       7 ]      0.162329   -0.023317234  0.9496  16200   [       5      19 ]      0.013319   -0.001529766  0.9534    16200       1   19347600 |              F
      20   [      11      16 ]      0.018119   -0.001738592  0.9499  16200   [       5      19 ]      0.013319   -0.001529766  0.9534    16200       1   20713200 |              F
      21   [      34       7 ]      0.162329   -0.023317234  0.9496  16200   [       5      19 ]      0.013319   -0.001529766  0.9534    16200       1   21830800 |              F
      22   [       9      17 ]      0.015691   -0.000613434  0.9488  16200   [       5      19 ]      0.013319   -0.001529766  0.9534    16200       1   22800000 |              F
      23   [       5      19 ]      0.013319   -0.001529766  0.9534  16200   [       5      19 ]      0.013319   -0.001529766  0.9534    16200       1   23706000 |              F
      24   [      11      16 ]      0.018119   -0.001738592  0.9499  16200   [       5      19 ]      0.013319   -0.001529766  0.9534    16200       1   24784000 |              F
      25   [      47       3 ]      0.348856   -0.176011237  0.9573  16200   [       5      19 ]      0.013319   -0.001529766  0.9534    16200       1   26069600 |              F
      26   [       3      20 ]      0.013243   -0.001970455  0.9598  16200   [       5      19 ]      0.013319   -0.001529766  0.9534    16200       1   26914000 |              F
      27   [       9      17 ]      0.015691   -0.000613434  0.9488  16200   [       3      20 ]      0.013243   -0.001970455  0.9598    16200       1   27880800 |              F
      28   [      23      11 ]      0.066023   -0.001377480  0.9480  16200   [       3      20 ]      0.013243   -0.001970455  0.9598    16200       1   29061600 |              F
      29   [      34       7 ]      0.162329   -0.023317234  0.9496  16200   [       3      20 ]      0.013243   -0.001970455  0.9598    16200       1   30338800 |              F
      30   [      47       3 ]      0.348856   -0.176011237  0.9573  16200   [       3      20 ]      0.013243   -0.001970455  0.9598    16200       1   31467200 |              F
      31   [      57       0 ]      1.000000  -11.000000000  1.0000  16200   [       3      20 ]      0.013243   -0.001970455  0.9598    16200       1   31604000 |              F
      32   [      29       9 ]      0.108090   -0.069865642  0.9538  16200   [       3      20 ]      0.013243   -0.001970455  0.9598    16200       1   33141600 |              F
      33   [      47       3 ]      0.348856   -0.176011237  0.9573  16200   [       3      20 ]      0.013243   -0.001970455  0.9598    16200       1   34430800 |              F
      34   [      35       7 ]      0.162341   -0.037280548  0.9506  16200   [       3      20 ]      0.013243   -0.001970455  0.9598    16200       1   35797200 |              F
      35   [      47       3 ]      0.348856   -0.176011237  0.9573  16200   [       3      20 ]      0.013243   -0.001970455  0.9598    16200       1   37081600 |              F
      36   [      47       3 ]      0.348856   -0.176011237  0.9573  16200   [       3      20 ]      0.013243   -0.001970455  0.9598    16200       1   38263600 |              F
      37   [      34       7 ]      0.162329   -0.023317234  0.9496  16200   [       3      20 ]      0.013243   -0.001970455  0.9598    16200       1   39384800 |              F
      38   [      35       7 ]      0.162341   -0.037280548  0.9506  16200   [       3      20 ]      0.013243   -0.001970455  0.9598    16200       1   40825600 |              F
      39   [      11      16 ]      0.018119   -0.001738592  0.9499  16200   [       3      20 ]      0.013243   -0.001970455  0.9598    16200       1   42188800 |              F
      40   [      23      11 ]      0.066023   -0.001377480  0.9480  16200   [       3      20 ]      0.013243   -0.001970455  0.9598    16200       1   43514800 |              F
      41                  NONE                                                               [       3      20 ]      0.013243   -0.001970455  0.9598    16200       1   43514800 |                                          -
      41   [      47       3 ]      0.348856   -0.176011237  0.9573  16200   [       3      20 ]      0.013243   -0.001970455  0.9598    16200       1   44806400 |              F
      42   [      18      13 ]      0.038143   -0.000452586  0.9480  16200   [       3      20 ]      0.013243   -0.001970455  0.9598    16200       1   45863600 |              F
      43   [      47       3 ]      0.348856   -0.176011237  0.9573  16200   [       3      20 ]      0.013243   -0.001970455  0.9598    16200       1   46974000 |              F
      44   [       9      17 ]      0.015691   -0.000613434  0.9488  16200   [       3      20 ]      0.013243   -0.001970455  0.9598    16200       1   47940800 |              F
      45   [      18      13 ]      0.038143   -0.000452586  0.9480  16200   [       3      20 ]      0.013243   -0.001970455  0.9598    16200       1   49032800 |              F
      46   [      47       3 ]      0.348856   -0.176011237  0.9573  16200   [       3      20 ]      0.013243   -0.001970455  0.9598    16200       1   50231600 |              F
