
--------------------------------------------------------------------------------------------------------------------------------------------------------------------------------------------------|----------X_r-------------------------------
 Restart                             Suggested                                                                         Current                                                              Total |                                Feasibility/
     No.                              Solution                                                                            Best                                                               Work |                                  Optimality
       r                                   X_r            gk             fk    phat     mk                               Z_r-1             gk             fk     phat   mkprev              (w_r) |             g             f
--------------------------------------------------------------------------------------------------------------------------------------------------------------------------------------------------|----------X_r-------------------------------
       1   [      13      15 ]      0.301390   -0.000000000  1.0000   1800                                                                                                 563600 |              F
       2   [      13      15 ]      0.301390   -0.000000000  1.0000   1800   [      13      15 ]      0.301390   -0.000000000  1.0000     1800       1    1134800 |              F
       3   [      19      13 ]      0.298815   -0.000035642  0.9393   5400   [      13      15 ]      0.298660   -0.001851852  1.0000     5400       1    2028000 |              F
       4   [      17      14 ]      0.298626   -0.001820336  1.0000   5400   [      13      15 ]      0.298660   -0.001851852  1.0000     5400       1    2797200 |              F
       5   [      17      14 ]      0.298626   -0.001820336  1.0000   5400   [      17      14 ]      0.298626   -0.001820336  1.0000     5400       1    3381600 |              F
       6   [      22      11 ]      0.303855   -0.000042065  0.9380   5400   [      17      14 ]      0.298626   -0.001820336  1.0000     5400       1    4113200 |              F
       7                  NONE                                                               [      17      14 ]      0.298626   -0.001820336  1.0000     5400       1    4113200 |                                          -
       7   [      17      14 ]      0.298626   -0.001820336  1.0000   5400   [      17      14 ]      0.298626   -0.001820336  1.0000     5400       1    4681200 |              F
       8   [      22      11 ]      0.303855   -0.000042065  0.9380   5400   [      17      14 ]      0.298626   -0.001820336  1.0000     5400       1    5590000 |              F
       9                  NONE                                                               [      17      14 ]      0.298626   -0.001820336  1.0000     5400       1    5590000 |                                          -
       9   [      10      19 ]      0.300374   -0.000600120  0.9483   5400   [      17      14 ]      0.298626   -0.001820336  1.0000     5400       1    6332400 |              F
      10   [      22      11 ]      0.303855   -0.000042065  0.9380   5400   [      17      14 ]      0.298626   -0.001820336  1.0000     5400       1    7114800 |              F
      11   [      22      11 ]      0.303855   -0.000042065  0.9380   5400   [      17      14 ]      0.298626   -0.001820336  1.0000     5400       1    7891600 |              F
      12                  NONE                                                               [      17      14 ]      0.298626   -0.001820336  1.0000     5400       1    7891600 |                                          -
      12   [      13      15 ]      0.298660   -0.001851852  1.0000   5400   [      17      14 ]      0.298626   -0.001820336  1.0000     5400       1    8546800 |              F
      13   [      22      11 ]      0.303855   -0.000042065  0.9380   5400   [      17      14 ]      0.298626   -0.001820336  1.0000     5400       1    9292800 |              F
      14                  NONE                                                               [      17      14 ]      0.298626   -0.001820336  1.0000     5400       1    9292800 |                                          -
      14                  NONE                                                               [      17      14 ]      0.298626   -0.001820336  1.0000     5400       1    9292800 |                                          -
      14   [      22      11 ]      0.303855   -0.000042065  0.9380   5400   [      17      14 ]      0.298626   -0.001820336  1.0000     5400       1   10076000 |              F
      15   [      10      19 ]      0.300374   -0.000600120  0.9483   5400   [      17      14 ]      0.298626   -0.001820336  1.0000     5400       1   10812400 |              F
      16                  NONE                                                               [      17      14 ]      0.298626   -0.001820336  1.0000     5400       1   10812400 |                                          -
      16   [      22      11 ]      0.303855   -0.000042065  0.9380   5400   [      17      14 ]      0.298626   -0.001820336  1.0000     5400       1   11539600 |              F
      17   [      17      14 ]      0.298626   -0.001820336  1.0000   5400   [      17      14 ]      0.298626   -0.001820336  1.0000     5400       1   12308400 |              F
      18   [      10      19 ]      0.300374   -0.000600120  0.9483   5400   [      17      14 ]      0.298626   -0.001820336  1.0000     5400       1   13050800 |              F
      19   [      22      11 ]      0.303855   -0.000042065  0.9380   5400   [      17      14 ]      0.298626   -0.001820336  1.0000     5400       1   13783600 |              F
      20   [      10      19 ]      0.300374   -0.000600120  0.9483   5400   [      17      14 ]      0.298626   -0.001820336  1.0000     5400       1   14463200 |              F
      21   [      22      11 ]      0.303855   -0.000042065  0.9380   5400   [      17      14 ]      0.298626   -0.001820336  1.0000     5400       1   15188400 |              F
      22   [      22      11 ]      0.303855   -0.000042065  0.9380   5400   [      17      14 ]      0.298626   -0.001820336  1.0000     5400       1   16090800 |              F
      23   [      22      11 ]      0.303855   -0.000042065  0.9380   5400   [      17      14 ]      0.298626   -0.001820336  1.0000     5400       1   16873600 |              F
      24   [      37       3 ]      0.611353   -0.023551887  0.9452   5400   [      17      14 ]      0.298626   -0.001820336  1.0000     5400       1   17581200 |              F
      25   [      37       3 ]      0.611353   -0.023551887  0.9452   5400   [      17      14 ]      0.298626   -0.001820336  1.0000     5400       1   18289600 |              F
      26   [      17      14 ]      0.298626   -0.001820336  1.0000   5400   [      17      14 ]      0.298626   -0.001820336  1.0000     5400       1   19058400 |              F
      27   [      18      14 ]      0.309362   -0.000126634  0.9506  16200   [      17      14 ]      0.309371   -0.000126634  0.9506    16200       1   21250000 |              F
      28   [      18      14 ]      0.309362   -0.000126634  0.9506  16200   [      18      14 ]      0.309362   -0.000126634  0.9506    16200       1   23191600 |              F
      29                  NONE                                                               [      18      14 ]      0.309362   -0.000126634  0.9506    16200       1   23191600 |                                          -
      29   [      18      14 ]      0.309362   -0.000126634  0.9506  16200   [      18      14 ]      0.309362   -0.000126634  0.9506    16200       1   25121200 |              F
      30   [      10      19 ]      0.309857   -0.001093951  0.9731  16200   [      18      14 ]      0.309362   -0.000126634  0.9506    16200       1   26405600 |              F
      31                  NONE                                                               [      18      14 ]      0.309362   -0.000126634  0.9506    16200       1   26405600 |                                          -
      31   [      22      11 ]      0.317907   -0.000318683  0.9487  16200   [      18      14 ]      0.309362   -0.000126634  0.9506    16200       1   27588400 |              F
      32   [      17      14 ]      0.309371   -0.000126634  0.9506  16200   [      18      14 ]      0.309362   -0.000126634  0.9506    16200       1   28630400 |              F
      33   [      10      19 ]      0.309857   -0.001093951  0.9731  16200   [      18      14 ]      0.309362   -0.000126634  0.9506    16200       1   29652800 |              F
      34   [      22      11 ]      0.317907   -0.000318683  0.9487  16200   [      18      14 ]      0.309362   -0.000126634  0.9506    16200       1   30658000 |              F
      35   [      22      11 ]      0.317907   -0.000318683  0.9487  16200   [      18      14 ]      0.309362   -0.000126634  0.9506    16200       1   31631600 |              F
      36   [      13      16 ]      0.309063   -0.000451783  1.0000  16200   [      18      14 ]      0.309362   -0.000126634  0.9506    16200       1   32852400 |              F
      37   [      10      19 ]      0.309857   -0.001093951  0.9731  16200   [      13      16 ]      0.309063   -0.000451783  1.0000    16200       1   34130400 |              F
      38   [      22      11 ]      0.317907   -0.000318683  0.9487  16200   [      13      16 ]      0.309063   -0.000451783  1.0000    16200       1   35442000 |              F
      39   [      22      11 ]      0.317907   -0.000318683  0.9487  16200   [      13      16 ]      0.309063   -0.000451783  1.0000    16200       1   36675200 |              F
      40   [      22      11 ]      0.317907   -0.000318683  0.9487  16200   [      13      16 ]      0.309063   -0.000451783  1.0000    16200       1   37908400 |              F
      41   [      18      14 ]      0.309362   -0.000126634  0.9506  16200   [      13      16 ]      0.309063   -0.000451783  1.0000    16200       1   40016000 |              F
      42   [      11      18 ]      0.309216   -0.000160365  0.9627  16200   [      13      16 ]      0.309063   -0.000451783  1.0000    16200       1   43343600 |              F
      43   [      11      18 ]      0.309216   -0.000160365  0.9627  16200   [      13      16 ]      0.309063   -0.000451783  1.0000    16200       1   46677200 |              F
      44   [      18      14 ]      0.309362   -0.000126634  0.9506  16200   [      13      16 ]      0.309063   -0.000451783  1.0000    16200       1   48806800 |              F
      45   [      44       0 ]      1.000000   -5.000000000  1.0000  48600   [      13      16 ]      0.300476   -0.000867725  1.0000    48600       1   50031200 |              F
