
--------------------------------------------------------------------------------------------------------------------------------------------------------------------------------------------------|----------X_r-------------------------------
 Restart                             Suggested                                                                         Current                                                              Total |                                Feasibility/
     No.                              Solution                                                                            Best                                                               Work |                                  Optimality
       r                                   X_r            gk             fk    phat     mk                               Z_r-1             gk             fk     phat   mkprev              (w_r) |             g             f
--------------------------------------------------------------------------------------------------------------------------------------------------------------------------------------------------|----------X_r-------------------------------
       1   [      22      11 ]      0.309331   -0.002903263  0.9330   1800                                                                                                 675600 |              F
       2   [      16      15 ]      0.298638   -0.001851852  1.0000   5400   [      22      11 ]      0.303855   -0.000042065  0.9380     5400       1    1566800 |              F
       3                  NONE                                                               [      16      15 ]      0.298638   -0.001851852  1.0000     5400       1    1566800 |                                          -
       3   [      22      11 ]      0.303855   -0.000042065  0.9380   5400   [      16      15 ]      0.298638   -0.001851852  1.0000     5400       1    2172000 |              F
       4   [      44       0 ]      1.000000   -5.000000000  1.0000  48600   [      16      15 ]      0.300591   -0.000166145  0.9715    48600       1    3396400 |              F
       5   [      13      15 ]      0.300594   -0.000153790  0.9706  48600   [      16      15 ]      0.300591   -0.000166145  0.9715    48600       1    4785200 |              F
       6   [      22      11 ]      0.311025   -0.001643667  0.9626  48600   [      16      15 ]      0.300591   -0.000166145  0.9715    48600       1    6296800 |              F
       7   [      22      11 ]      0.311025   -0.001643667  0.9626  48600   [      16      15 ]      0.300591   -0.000166145  0.9715    48600       1    7734400 |              F
       8   [      37       3 ]      0.642214   -0.014116255  0.9606  48600   [      16      15 ]      0.300591   -0.000166145  0.9715    48600       1    9320000 |              F
       9                  NONE                                                               [      16      15 ]      0.300591   -0.000166145  0.9715    48600       1    9320000 |                                          -
       9   [      22      11 ]      0.311025   -0.001643667  0.9626  48600   [      16      15 ]      0.300591   -0.000166145  0.9715    48600       1   10826400 |              F
      10   [      37       3 ]      0.642214   -0.014116255  0.9606  48600   [      16      15 ]      0.300591   -0.000166145  0.9715    48600       1   12400000 |              F
      11   [      37       3 ]      0.642214   -0.014116255  0.9606  48600   [      16      15 ]      0.300591   -0.000166145  0.9715    48600       1   13973600 |              F
      12   [      37       3 ]      0.642214   -0.014116255  0.9606  48600   [      16      15 ]      0.300591   -0.000166145  0.9715    48600       1   15540800 |              F
      13   [      16      15 ]      0.300591   -0.000166145  0.9715  48600   [      16      15 ]      0.300591   -0.000166145  0.9715    48600       1   17112800 |              F
      14   [      16      15 ]      0.300591   -0.000166145  0.9715  48600   [      16      15 ]      0.300591   -0.000166145  0.9715    48600       1   18679600 |              F
      15                  NONE                                                               [      16      15 ]      0.300591   -0.000166145  0.9715    48600       1   18679600 |                                          -
      15                  NONE                                                               [      16      15 ]      0.300591   -0.000166145  0.9715    48600       1   18679600 |                                          -
      15   [      37       3 ]      0.642214   -0.014116255  0.9606  48600   [      16      15 ]      0.300591   -0.000166145  0.9715    48600       1   20253200 |              F
      16                  NONE                                                               [      16      15 ]      0.300591   -0.000166145  0.9715    48600       1   20253200 |                                          -
      16   [      22      11 ]      0.311025   -0.001643667  0.9626  48600   [      16      15 ]      0.300591   -0.000166145  0.9715    48600       1   21758400 |              F
      17   [      22      11 ]      0.311025   -0.001643667  0.9626  48600   [      16      15 ]      0.300591   -0.000166145  0.9715    48600       1   23281600 |              F
      18   [      22      11 ]      0.311025   -0.001643667  0.9626  48600   [      16      15 ]      0.300591   -0.000166145  0.9715    48600       1   24782000 |              F
      19   [      22      11 ]      0.311025   -0.001643667  0.9626  48600   [      16      15 ]      0.300591   -0.000166145  0.9715    48600       1   26521200 |              F
      20                  NONE                                                               [      16      15 ]      0.300591   -0.000166145  0.9715    48600       1   26521200 |                                          -
      20   [      37       3 ]      0.642214   -0.014116255  0.9606  48600   [      16      15 ]      0.300591   -0.000166145  0.9715    48600       1   28107200 |              F
      21   [      10      19 ]      0.301352   -0.000193528  0.9663  48600   [      16      15 ]      0.300591   -0.000166145  0.9715    48600       1   30088400 |              F
      22   [      22      11 ]      0.311025   -0.001643667  0.9626  48600   [      16      15 ]      0.300591   -0.000166145  0.9715    48600       1   31661200 |              F
      23                  NONE                                                               [      16      15 ]      0.300591   -0.000166145  0.9715    48600       1   31668800 |                                          -
      23                  NONE                                                               [      16      15 ]      0.300591   -0.000166145  0.9715    48600       1   31668800 |                                          -
      23   [      19      13 ]      0.302296   -0.000485787  0.9658  48600   [      16      15 ]      0.300591   -0.000166145  0.9715    48600       1   33312800 |              F
      24                  NONE                                                               [      16      15 ]      0.300591   -0.000166145  0.9715    48600       1   33312800 |                                          -
      24   [      16      15 ]      0.300591   -0.000166145  0.9715  48600   [      16      15 ]      0.300591   -0.000166145  0.9715    48600       1   34895600 |              F
      25   [      10      19 ]      0.301352   -0.000193528  0.9663  48600   [      16      15 ]      0.300591   -0.000166145  0.9715    48600       1   36870800 |              F
      26                  NONE                                                               [      16      15 ]      0.300591   -0.000166145  0.9715    48600       1   36870800 |                                          -
      26                  NONE                                                               [      16      15 ]      0.300591   -0.000166145  0.9715    48600       1   36870800 |                                          -
      26   [      44       0 ]      1.000000   -5.000000000  1.0000  48600   [      16      15 ]      0.300591   -0.000166145  0.9715    48600       1   37314400 |              F
      27   [      22      11 ]      0.311025   -0.001643667  0.9626  48600   [      16      15 ]      0.300591   -0.000166145  0.9715    48600       1   38826000 |              F
      28   [      10      19 ]      0.301352   -0.000193528  0.9663  48600   [      16      15 ]      0.300591   -0.000166145  0.9715    48600       1   40530000 |              F
      29   [      22      11 ]      0.311025   -0.001643667  0.9626  48600   [      16      15 ]      0.300591   -0.000166145  0.9715    48600       1   42090400 |              F
      30   [      13      16 ]      0.300476   -0.000867725  1.0000  48600   [      16      15 ]      0.300591   -0.000166145  0.9715    48600       1   43835200 |              F
      31   [      18      14 ]      0.301138   -0.000093261  0.9600  48600   [      13      16 ]      0.300476   -0.000867725  1.0000    48600       1   46545200 |              F
      32   [      22      11 ]      0.311025   -0.001643667  0.9626  48600   [      13      16 ]      0.300476   -0.000867725  1.0000    48600       1   48364400 |              F
      33   [      10      19 ]      0.301352   -0.000193528  0.9663  48600   [      13      16 ]      0.300476   -0.000867725  1.0000    48600       1   50133200 |              F
