
--------------------------------------------------------------------------------------------------------------------------------------------------------------------------------------------------|----------X_r-------------------------------
 Restart                             Suggested                                                                         Current                                                              Total |                                Feasibility/
     No.                              Solution                                                                            Best                                                               Work |                                  Optimality
       r                                   X_r            gk             fk    phat     mk                               Z_r-1             gk             fk     phat   mkprev              (w_r) |             g             f
--------------------------------------------------------------------------------------------------------------------------------------------------------------------------------------------------|----------X_r-------------------------------
       1   [      12      15 ]      0.017153   -0.002695307  0.9454   5400                                                                                                 611400 |              F
       2   [      57       0 ]      1.000000  -11.000000000  1.0000  16200   [      12      15 ]      0.023137   -0.001529316  0.9491    16200       1     782600 |              F
       3   [      31       8 ]      0.133913   -0.003517999  0.9480  16200   [      12      15 ]      0.023137   -0.001529316  0.9491    16200       1    1582000 |              F
       4   [      12      16 ]      0.018343   -0.000255340  0.9481  16200   [      12      15 ]      0.023137   -0.001529316  0.9491    16200       1    2989400 |              F
       5   [      26      10 ]      0.083183   -0.004918681  0.9484  16200   [      12      16 ]      0.018343   -0.000255340  0.9481    16200       1    3757400 |              F
       6   [       3      20 ]      0.013447   -0.000955402  0.9545  16200   [      12      16 ]      0.018343   -0.000255340  0.9481    16200       1    4738800 |              F
       7   [      41       5 ]      0.229586   -0.141061657  0.9606  16200   [       3      20 ]      0.013447   -0.000955402  0.9545    16200       1    5448800 |              F
       8   [      40       5 ]      0.229571   -0.141061657  0.9606  16200   [       3      20 ]      0.013447   -0.000955402  0.9545    16200       1    6213800 |              F
       9   [       8      17 ]      0.016014   -0.002621229  0.9526  16200   [       3      20 ]      0.013447   -0.000955402  0.9545    16200       1    7634400 |              F
      10   [      21      12 ]      0.053016   -0.001663249  0.9482  16200   [       3      20 ]      0.013447   -0.000955402  0.9545    16200       1    8309800 |              F
      11   [      17      13 ]      0.038631   -0.001577840  0.9485  16200   [       3      20 ]      0.013447   -0.000955402  0.9545    16200       1    9103600 |              F
      12   [      49       2 ]      0.430028   -0.006279034  0.9489  16200   [       3      20 ]      0.013447   -0.000955402  0.9545    16200       1    9730200 |              F
      13                  NONE                                                               [       3      20 ]      0.013447   -0.000955402  0.9545    16200       1    9730200 |                                          -
      13   [      15      14 ]      0.029023   -0.000425824  0.9481  16200   [       3      20 ]      0.013447   -0.000955402  0.9545    16200       1   10577800 |              F
      14   [      57       0 ]      1.000000  -11.000000000  1.0000  16200   [       3      20 ]      0.013447   -0.000955402  0.9545    16200       1   10732800 |              F
      15   [      31       8 ]      0.133913   -0.003517999  0.9480  16200   [       3      20 ]      0.013447   -0.000955402  0.9545    16200       1   11530000 |              F
      16   [      32       8 ]      0.133926   -0.003517999  0.9480  16200   [       3      20 ]      0.013447   -0.000955402  0.9545    16200       1   12150800 |              F
      17   [      49       2 ]      0.430028   -0.006279034  0.9489  16200   [       3      20 ]      0.013447   -0.000955402  0.9545    16200       1   13209400 |              F
      18   [      56       0 ]      1.000000  -11.000000000  1.0000  16200   [       3      20 ]      0.013447   -0.000955402  0.9545    16200       1   13406000 |              F
      19   [      40       5 ]      0.229571   -0.141061657  0.9606  16200   [       3      20 ]      0.013447   -0.000955402  0.9545    16200       1   14069800 |              F
      20   [      12      16 ]      0.018343   -0.000255340  0.9481  16200   [       3      20 ]      0.013447   -0.000955402  0.9545    16200       1   15477200 |              F
      21   [       7      18 ]      0.014326   -0.000635595  0.9495  16200   [       3      20 ]      0.013447   -0.000955402  0.9545    16200       1   16564600 |              F
      22   [      17      13 ]      0.038631   -0.001577840  0.9485  16200   [       3      20 ]      0.013447   -0.000955402  0.9545    16200       1   17391400 |              F
      23   [      49       2 ]      0.430028   -0.006279034  0.9489  16200   [       3      20 ]      0.013447   -0.000955402  0.9545    16200       1   18663800 |              F
      24   [      49       2 ]      0.430028   -0.006279034  0.9489  16200   [       3      20 ]      0.013447   -0.000955402  0.9545    16200       1   19720200 |              F
      25   [      49       2 ]      0.430028   -0.006279034  0.9489  16200   [       3      20 ]      0.013447   -0.000955402  0.9545    16200       1   20992600 |              F
      26   [      41       5 ]      0.229586   -0.141061657  0.9606  16200   [       3      20 ]      0.013447   -0.000955402  0.9545    16200       1   22025000 |              F
      27   [      21      12 ]      0.053016   -0.001663249  0.9482  16200   [       3      20 ]      0.013447   -0.000955402  0.9545    16200       1   22700400 |              F
      28   [      40       5 ]      0.229571   -0.141061657  0.9606  16200   [       3      20 ]      0.013447   -0.000955402  0.9545    16200       1   23590800 |              F
      29   [      41       5 ]      0.229586   -0.141061657  0.9606  16200   [       3      20 ]      0.013447   -0.000955402  0.9545    16200       1   24534000 |              F
      30   [      56       0 ]      1.000000  -11.000000000  1.0000  16200   [       3      20 ]      0.013447   -0.000955402  0.9545    16200       1   24730600 |              F
      31   [      57       0 ]      1.000000  -11.000000000  1.0000  16200   [       3      20 ]      0.013447   -0.000955402  0.9545    16200       1   24885600 |              F
      32   [      40       5 ]      0.229571   -0.141061657  0.9606  16200   [       3      20 ]      0.013447   -0.000955402  0.9545    16200       1   25718800 |              F
      33   [       8      17 ]      0.016014   -0.002621229  0.9526  16200   [       3      20 ]      0.013447   -0.000955402  0.9545    16200       1   26800200 |              F
      34   [      15      14 ]      0.029023   -0.000425824  0.9481  16200   [       3      20 ]      0.013447   -0.000955402  0.9545    16200       1   27680800 |              F
      35   [      40       5 ]      0.229571   -0.141061657  0.9606  16200   [       3      20 ]      0.013447   -0.000955402  0.9545    16200       1   29130800 |              F
      36   [      17      13 ]      0.038631   -0.001577840  0.9485  16200   [       3      20 ]      0.013447   -0.000955402  0.9545    16200       1   29924600 |              F
      37   [      49       2 ]      0.430028   -0.006279034  0.9489  16200   [       3      20 ]      0.013447   -0.000955402  0.9545    16200       1   31203600 |              F
      38   [      49       2 ]      0.430028   -0.006279034  0.9489  16200   [       3      20 ]      0.013447   -0.000955402  0.9545    16200       1   32506800 |              F
      39   [      25      10 ]      0.083191   -0.004918681  0.9484  16200   [       3      20 ]      0.013447   -0.000955402  0.9545    16200       1   33952200 |              F
      40   [      15      14 ]      0.029023   -0.000425824  0.9481  16200   [       3      20 ]      0.013447   -0.000955402  0.9545    16200       1   34828400 |              F
      41   [      49       2 ]      0.430028   -0.006279034  0.9489  16200   [       3      20 ]      0.013447   -0.000955402  0.9545    16200       1   36105200 |              F
      42   [      40       5 ]      0.229571   -0.141061657  0.9606  16200   [       3      20 ]      0.013447   -0.000955402  0.9545    16200       1   37592600 |              F
      43   [      26      10 ]      0.083183   -0.004918681  0.9484  16200   [       3      20 ]      0.013447   -0.000955402  0.9545    16200       1   38431000 |              F
      44                  NONE                                                               [       3      20 ]      0.013447   -0.000955402  0.9545    16200       1   38431000 |                                          -
      44   [      17      13 ]      0.038631   -0.001577840  0.9485  16200   [       3      20 ]      0.013447   -0.000955402  0.9545    16200       1   39561400 |              F
      45   [      17      13 ]      0.038631   -0.001577840  0.9485  16200   [       3      20 ]      0.013447   -0.000955402  0.9545    16200       1   40656600 |              F
      46   [      25      10 ]      0.083191   -0.004918681  0.9484  16200   [       3      20 ]      0.013447   -0.000955402  0.9545    16200       1   42180000 |              F
      47   [      17      13 ]      0.038631   -0.001577840  0.9485  16200   [       3      20 ]      0.013447   -0.000955402  0.9545    16200       1   43341200 |              F
      48   [      41       5 ]      0.229586   -0.141061657  0.9606  16200   [       3      20 ]      0.013447   -0.000955402  0.9545    16200       1   44373600 |              F
      49   [       5      19 ]      0.013651   -0.001391443  0.9532  16200   [       3      20 ]      0.013447   -0.000955402  0.9545    16200       1   45448600 |              F
      50   [      31       8 ]      0.133913   -0.003517999  0.9480  16200   [       3      20 ]      0.013447   -0.000955402  0.9545    16200       1   46854800 |              F
      51   [      31       8 ]      0.133913   -0.003517999  0.9480  16200   [       3      20 ]      0.013447   -0.000955402  0.9545    16200       1   47777400 |              F
      52   [      41       5 ]      0.229586   -0.141061657  0.9606  16200   [       3      20 ]      0.013447   -0.000955402  0.9545    16200       1   48784400 |              F
      53                  NONE                                                               [       3      20 ]      0.013447   -0.000955402  0.9545    16200       1   48784400 |                                          -
      53   [      31       8 ]      0.133913   -0.003517999  0.9480  16200   [       3      20 ]      0.013447   -0.000955402  0.9545    16200       1   49810400 |              F
      54   [      41       5 ]      0.229586   -0.141061657  0.9606  16200   [       3      20 ]      0.013447   -0.000955402  0.9545    16200       1   50753600 |              F
