
--------------------------------------------------------------------------------------------------------------------------------------------------------------------------------------------------|----------X_r-------------------------------
 Restart                             Suggested                                                                         Current                                                              Total |                                Feasibility/
     No.                              Solution                                                                            Best                                                               Work |                                  Optimality
       r                                   X_r            gk             fk    phat     mk                               Z_r-1             gk             fk     phat   mkprev              (w_r) |             g             f
--------------------------------------------------------------------------------------------------------------------------------------------------------------------------------------------------|----------X_r-------------------------------
       1   [      12       4 ]      0.171714   -0.000186513  0.9645  27000                                                                                                2906000 |              F
       2   [      12       4 ]      0.171714   -0.000186513  0.9645  27000   [      12       4 ]      0.171714   -0.000186513  0.9645    27000       1    5934000 |              F
       3                  NONE                                                               [      12       4 ]      0.171714   -0.000186513  0.9645    27000       1    5934000 |                                          -
       3   [      11       5 ]      0.173164   -0.000202595  0.9583  27000   [      12       4 ]      0.171714   -0.000186513  0.9645    27000       1   12026000 |              F
       4                  NONE                                                               [      12       4 ]      0.171714   -0.000186513  0.9645    27000       1   12026000 |                                          -
       4   [      12       4 ]      0.171714   -0.000186513  0.9645  27000   [      12       4 ]      0.171714   -0.000186513  0.9645    27000       1   14840000 |              F
       5   [      12       4 ]      0.171714   -0.000186513  0.9645  27000   [      12       4 ]      0.171714   -0.000186513  0.9645    27000       1   17656000 |              F
       6                  NONE                                                               [      12       4 ]      0.171714   -0.000186513  0.9645    27000       1   17656000 |                                          -
       6   [      12       4 ]      0.171714   -0.000186513  0.9645  27000   [      12       4 ]      0.171714   -0.000186513  0.9645    27000       1   20434000 |              F
       7   [      12       4 ]      0.171714   -0.000186513  0.9645  27000   [      12       4 ]      0.171714   -0.000186513  0.9645    27000       1   23276000 |              F
       8   [      12       4 ]      0.171714   -0.000186513  0.9645  27000   [      12       4 ]      0.171714   -0.000186513  0.9645    27000       1   26156000 |              F
       9                  NONE                                                               [      12       4 ]      0.171714   -0.000186513  0.9645    27000       1   26156000 |                                          -
       9   [      17       1 ]      0.212952   -0.000336231  0.9615  81000   [      12       4 ]      0.172086   -0.000215451  0.9828    81000       1   31908000 |              F
