
--------------------------------------------------------------------------------------------------------------------------------------------------------------------------------------------------|----------X_r-------------------------------
 Restart                             Suggested                                                                         Current                                                              Total |                                Feasibility/
     No.                              Solution                                                                            Best                                                               Work |                                  Optimality
       r                                   X_r            gk             fk    phat     mk                               Z_r-1             gk             fk     phat   mkprev              (w_r) |             g             f
--------------------------------------------------------------------------------------------------------------------------------------------------------------------------------------------------|----------X_r-------------------------------
       1   [      12       4 ]      0.171714   -0.000186513  0.9645  27000                                                                                                2906000 |              F
       2   [      19       0 ]      1.000000   -0.500000000  1.0000  81000   [      12       4 ]      0.172086   -0.000215451  0.9828    81000       1    5164000 |              F
       3   [      19       0 ]      1.000000   -0.500000000  1.0000  81000   [      12       4 ]      0.172086   -0.000215451  0.9828    81000       1    5700000 |              F
       4   [      12       4 ]      0.172086   -0.000215451  0.9828  81000   [      12       4 ]      0.172086   -0.000215451  0.9828    81000       1   10126000 |              F
       5                  NONE                                                               [      12       4 ]      0.172086   -0.000215451  0.9828    81000       1   10126000 |                                          -
       5                  NONE                                                               [      12       4 ]      0.172086   -0.000215451  0.9828    81000       1   10126000 |                                          -
       5                  NONE                                                               [      12       4 ]      0.172086   -0.000215451  0.9828    81000       1   10126000 |                                          -
       5                  NONE                                                               [      12       4 ]      0.172086   -0.000215451  0.9828    81000       1   10126000 |                                          -
       5                  NONE                                                               [      12       4 ]      0.172086   -0.000215451  0.9828    81000       1   10126000 |                                          -
       5   [      19       0 ]      1.000000   -0.500000000  1.0000  81000   [      12       4 ]      0.172086   -0.000215451  0.9828    81000       1   10662000 |              F
       6                  NONE                                                               [      12       4 ]      0.172086   -0.000215451  0.9828    81000       1   10662000 |                                          -
       6   [      17       1 ]      0.212952   -0.000336231  0.9615  81000   [      12       4 ]      0.172086   -0.000215451  0.9828    81000       1   14692000 |              F
       7   [      17       1 ]      0.212952   -0.000336231  0.9615  81000   [      12       4 ]      0.172086   -0.000215451  0.9828    81000       1   18722000 |              F
       8   [      17       1 ]      0.212952   -0.000336231  0.9615  81000   [      12       4 ]      0.172086   -0.000215451  0.9828    81000       1   22758000 |              F
       9                  NONE                                                               [      12       4 ]      0.172086   -0.000215451  0.9828    81000       1   22758000 |                                          -
       9   [      19       0 ]      1.000000   -0.500000000  1.0000  81000   [      12       4 ]      0.172086   -0.000215451  0.9828    81000       1   23294000 |              F
      10   [      17       1 ]      0.212952   -0.000336231  0.9615  81000   [      12       4 ]      0.172086   -0.000215451  0.9828    81000       1   27326000 |              F
      11   [      17       1 ]      0.212952   -0.000336231  0.9615  81000   [      12       4 ]      0.172086   -0.000215451  0.9828    81000       1   31356000 |              F
