
--------------------------------------------------------------------------------------------------------------------------------------------------------------------------------------------------|----------X_r-------------------------------
 Restart                             Suggested                                                                         Current                                                              Total |                                Feasibility/
     No.                              Solution                                                                            Best                                                               Work |                                  Optimality
       r                                   X_r            gk             fk    phat     mk                               Z_r-1             gk             fk     phat   mkprev              (w_r) |             g             f
--------------------------------------------------------------------------------------------------------------------------------------------------------------------------------------------------|----------X_r-------------------------------
       1   [      17       1 ]      0.212952   -0.000336231  0.9615  81000                                                                                                4036000 |              F
       2                  NONE                                                               [      17       1 ]      0.212952   -0.000336231  0.9615    81000       1    4036000 |                                          -
       2                  NONE                                                               [      17       1 ]      0.212952   -0.000336231  0.9615    81000       1    4036000 |                                          -
       2   [      12       4 ]      0.172086   -0.000215451  0.9828  81000   [      17       1 ]      0.212952   -0.000336231  0.9615    81000       1    8462000 |              F
       3                  NONE                                                               [      12       4 ]      0.172086   -0.000215451  0.9828    81000       1    8462000 |                                          -
       3   [      12       4 ]      0.172086   -0.000215451  0.9828  81000   [      12       4 ]      0.172086   -0.000215451  0.9828    81000       1   13090000 |              F
       4   [      12       4 ]      0.172086   -0.000215451  0.9828  81000   [      12       4 ]      0.172086   -0.000215451  0.9828    81000       1   17590000 |              F
       5                  NONE                                                               [      12       4 ]      0.172086   -0.000215451  0.9828    81000       1   17590000 |                                          -
       5                  NONE                                                               [      12       4 ]      0.172086   -0.000215451  0.9828    81000       1   17590000 |                                          -
       5   [      12       4 ]      0.172086   -0.000215451  0.9828  81000   [      12       4 ]      0.172086   -0.000215451  0.9828    81000       1   22152000 |              F
       6   [      12       4 ]      0.172086   -0.000215451  0.9828  81000   [      12       4 ]      0.172086   -0.000215451  0.9828    81000       1   26716000 |              F
       7                  NONE                                                               [      12       4 ]      0.172086   -0.000215451  0.9828    81000       1   26716000 |                                          -
       7   [      12       4 ]      0.172086   -0.000215451  0.9828  81000   [      12       4 ]      0.172086   -0.000215451  0.9828    81000       1   31344000 |              F
