
--------------------------------------------------------------------------------------------------------------------------------------------------------------------------------------------------|----------X_r-------------------------------
 Restart                             Suggested                                                                         Current                                                              Total |                                Feasibility/
     No.                              Solution                                                                            Best                                                               Work |                                  Optimality
       r                                   X_r            gk             fk    phat     mk                               Z_r-1             gk             fk     phat   mkprev              (w_r) |             g             f
--------------------------------------------------------------------------------------------------------------------------------------------------------------------------------------------------|----------X_r-------------------------------
       1                  NONE                                                                                                                                                               0 |                                          -
       1   [      19       0 ]      1.000000   -0.500000000  1.0000  81000                                                                                                 536000 |              F
       2   [      17       1 ]      0.212952   -0.000336231  0.9615  81000   [      19       0 ]      1.000000   -0.500000000  1.0000    81000       1    4570000 |              F
       3                  NONE                                                               [      17       1 ]      0.212952   -0.000336231  0.9615    81000       1    4570000 |                                          -
       3   [      12       4 ]      0.172086   -0.000215451  0.9828  81000   [      17       1 ]      0.212952   -0.000336231  0.9615    81000       1    8996000 |              F
       4   [      12       4 ]      0.172086   -0.000215451  0.9828  81000   [      12       4 ]      0.172086   -0.000215451  0.9828    81000       1   13496000 |              F
       5   [      17       1 ]      0.212952   -0.000336231  0.9615  81000   [      12       4 ]      0.172086   -0.000215451  0.9828    81000       1   17526000 |              F
       6                  NONE                                                               [      12       4 ]      0.172086   -0.000215451  0.9828    81000       1   17526000 |                                          -
       6   [      12       4 ]      0.172086   -0.000215451  0.9828  81000   [      12       4 ]      0.172086   -0.000215451  0.9828    81000       1   22026000 |              F
       7                  NONE                                                               [      12       4 ]      0.172086   -0.000215451  0.9828    81000       1   22026000 |                                          -
       7   [      12       4 ]      0.172086   -0.000215451  0.9828  81000   [      12       4 ]      0.172086   -0.000215451  0.9828    81000       1   26628000 |              F
       8   [      12       4 ]      0.172086   -0.000215451  0.9828  81000   [      12       4 ]      0.172086   -0.000215451  0.9828    81000       1   31260000 |              F
