
--------------------------------------------------------------------------------------------------------------------------------------------------------------------------------------------------|----------X_r-------------------------------
 Restart                             Suggested                                                                         Current                                                              Total |                                Feasibility/
     No.                              Solution                                                                            Best                                                               Work |                                  Optimality
       r                                   X_r            gk             fk    phat     mk                               Z_r-1             gk             fk     phat   mkprev              (w_r) |             g             f
--------------------------------------------------------------------------------------------------------------------------------------------------------------------------------------------------|----------X_r-------------------------------
       1   [      12       4 ]      0.171714   -0.000186513  0.9645  27000                                                                                                2932000 |              F
       2                  NONE                                                               [      12       4 ]      0.171714   -0.000186513  0.9645    27000       1    2932000 |                                          -
       2   [      12       4 ]      0.171714   -0.000186513  0.9645  27000   [      12       4 ]      0.171714   -0.000186513  0.9645    27000       1    5838000 |              F
       3   [      17       1 ]      0.212952   -0.000336231  0.9615  81000   [      12       4 ]      0.172086   -0.000215451  0.9828    81000       1   11590000 |              F
       4                  NONE                                                               [      12       4 ]      0.172086   -0.000215451  0.9828    81000       1   11590000 |                                          -
       4   [      12       4 ]      0.172086   -0.000215451  0.9828  81000   [      12       4 ]      0.172086   -0.000215451  0.9828    81000       1   16192000 |              F
       5                  NONE                                                               [      12       4 ]      0.172086   -0.000215451  0.9828    81000       1   16192000 |                                          -
       5                  NONE                                                               [      12       4 ]      0.172086   -0.000215451  0.9828    81000       1   16192000 |                                          -
       5   [      17       1 ]      0.212952   -0.000336231  0.9615  81000   [      12       4 ]      0.172086   -0.000215451  0.9828    81000       1   20222000 |              F
       6   [      12       4 ]      0.172086   -0.000215451  0.9828  81000   [      12       4 ]      0.172086   -0.000215451  0.9828    81000       1   24850000 |              F
       7                  NONE                                                               [      12       4 ]      0.172086   -0.000215451  0.9828    81000       1   24850000 |                                          -
       7                  NONE                                                               [      12       4 ]      0.172086   -0.000215451  0.9828    81000       1   24850000 |                                          -
       7   [      11       5 ]      0.172907   -0.000114710  0.9676  81000   [      12       4 ]      0.172086   -0.000215451  0.9828    81000       1   32736000 |              F
