
--------------------------------------------------------------------------------------------------------------------------------------------------------------------------------------------------|----------X_r-------------------------------
 Restart                             Suggested                                                                         Current                                                              Total |                                Feasibility/
     No.                              Solution                                                                            Best                                                               Work |                                  Optimality
       r                                   X_r            gk             fk    phat     mk                               Z_r-1             gk             fk     phat   mkprev              (w_r) |             g             f
--------------------------------------------------------------------------------------------------------------------------------------------------------------------------------------------------|----------X_r-------------------------------
       1   [      12       4 ]      0.171714   -0.000186513  0.9645  27000                                                                                                2932000 |              F
       2                  NONE                                                               [      12       4 ]      0.171714   -0.000186513  0.9645    27000       1    2932000 |                                          -
       2   [      11       5 ]      0.173164   -0.000202595  0.9583  27000   [      12       4 ]      0.171714   -0.000186513  0.9645    27000       1    9024000 |              F
       3                  NONE                                                               [      12       4 ]      0.171714   -0.000186513  0.9645    27000       1    9024000 |                                          -
       3   [      11       5 ]      0.173164   -0.000202595  0.9583  27000   [      12       4 ]      0.171714   -0.000186513  0.9645    27000       1   15188000 |              F
       4                  NONE                                                               [      12       4 ]      0.171714   -0.000186513  0.9645    27000       1   15188000 |                                          -
       4   [      17       1 ]      0.212952   -0.000336231  0.9615  81000   [      12       4 ]      0.172086   -0.000215451  0.9828    81000       1   20944000 |              F
       5                  NONE                                                               [      12       4 ]      0.172086   -0.000215451  0.9828    81000       1   20944000 |                                          -
       5                  NONE                                                               [      12       4 ]      0.172086   -0.000215451  0.9828    81000       1   20944000 |                                          -
       5   [      17       1 ]      0.212952   -0.000336231  0.9615  81000   [      12       4 ]      0.172086   -0.000215451  0.9828    81000       1   24980000 |              F
       6                  NONE                                                               [      12       4 ]      0.172086   -0.000215451  0.9828    81000       1   24980000 |                                          -
       6                  NONE                                                               [      12       4 ]      0.172086   -0.000215451  0.9828    81000       1   24980000 |                                          -
       6                  NONE                                                               [      12       4 ]      0.172086   -0.000215451  0.9828    81000       1   24980000 |                                          -
       6                  NONE                                                               [      12       4 ]      0.172086   -0.000215451  0.9828    81000       1   24980000 |                                          -
       6   [      11       5 ]      0.172907   -0.000114710  0.9676  81000   [      12       4 ]      0.172086   -0.000215451  0.9828    81000       1   32866000 |              F
