
--------------------------------------------------------------------------------------------------------------------------------------------------------------------------------------------------|----------X_r-------------------------------
 Restart                             Suggested                                                                         Current                                                              Total |                                Feasibility/
     No.                              Solution                                                                            Best                                                               Work |                                  Optimality
       r                                   X_r            gk             fk    phat     mk                               Z_r-1             gk             fk     phat   mkprev              (w_r) |             g             f
--------------------------------------------------------------------------------------------------------------------------------------------------------------------------------------------------|----------X_r-------------------------------
       1                  NONE                                                                                                                                                               0 |                                          -
       1                  NONE                                                                                                                                                               0 |                                          -
       1                  NONE                                                                                                                                                               0 |                                          -
       1                  NONE                                                                                                                                                               0 |                                          -
       1   [      12       4 ]      0.171714   -0.000186513  0.9645  27000                                                                                                2842000 |              F
       2   [      19       0 ]      1.000000   -0.500000000  1.0000  81000   [      12       4 ]      0.172086   -0.000215451  0.9828    81000       1    5100000 |              F
       3   [      11       5 ]      0.172907   -0.000114710  0.9676  81000   [      12       4 ]      0.172086   -0.000215451  0.9828    81000       1   12914000 |              F
       4   [      19       0 ]      1.000000   -0.500000000  1.0000  81000   [      12       4 ]      0.172086   -0.000215451  0.9828    81000       1   13450000 |              F
       5                  NONE                                                               [      12       4 ]      0.172086   -0.000215451  0.9828    81000       1   13450000 |                                          -
       5   [      12       4 ]      0.172086   -0.000215451  0.9828  81000   [      12       4 ]      0.172086   -0.000215451  0.9828    81000       1   17912000 |              F
       6                  NONE                                                               [      12       4 ]      0.172086   -0.000215451  0.9828    81000       1   17912000 |                                          -
       6   [      12       4 ]      0.172086   -0.000215451  0.9828  81000   [      12       4 ]      0.172086   -0.000215451  0.9828    81000       1   22338000 |              F
       7   [      19       0 ]      1.000000   -0.500000000  1.0000  81000   [      12       4 ]      0.172086   -0.000215451  0.9828    81000       1   22874000 |              F
       8   [      12       4 ]      0.172086   -0.000215451  0.9828  81000   [      12       4 ]      0.172086   -0.000215451  0.9828    81000       1   27412000 |              F
       9                  NONE                                                               [      12       4 ]      0.172086   -0.000215451  0.9828    81000       1   27412000 |                                          -
       9                  NONE                                                               [      12       4 ]      0.172086   -0.000215451  0.9828    81000       1   27412000 |                                          -
       9   [      12       4 ]      0.172086   -0.000215451  0.9828  81000   [      12       4 ]      0.172086   -0.000215451  0.9828    81000       1   31912000 |              F
