
--------------------------------------------------------------------------------------------------------------------------------------------------------------------------------------------------|----------X_r-------------------------------
 Restart                             Suggested                                                                         Current                                                              Total |                                Feasibility/
     No.                              Solution                                                                            Best                                                               Work |                                  Optimality
       r                                   X_r            gk             fk    phat     mk                               Z_r-1             gk             fk     phat   mkprev              (w_r) |             g             f
--------------------------------------------------------------------------------------------------------------------------------------------------------------------------------------------------|----------X_r-------------------------------
       1   [      17       1 ]      0.212952   -0.000336231  0.9615  81000                                                                                                4034000 |              F
       2                  NONE                                                               [      17       1 ]      0.212952   -0.000336231  0.9615    81000       1    4034000 |                                          -
       2                  NONE                                                               [      17       1 ]      0.212952   -0.000336231  0.9615    81000       1    4034000 |                                          -
       2                  NONE                                                               [      17       1 ]      0.212952   -0.000336231  0.9615    81000       1    4034000 |                                          -
       2                  NONE                                                               [      17       1 ]      0.212952   -0.000336231  0.9615    81000       1    4034000 |                                          -
       2   [      12       4 ]      0.172086   -0.000215451  0.9828  81000   [      17       1 ]      0.212952   -0.000336231  0.9615    81000       1    8666000 |              F
       3   [      19       0 ]      1.000000   -0.500000000  1.0000  81000   [      12       4 ]      0.172086   -0.000215451  0.9828    81000       1    9202000 |              F
       4   [      12       4 ]      0.172086   -0.000215451  0.9828  81000   [      12       4 ]      0.172086   -0.000215451  0.9828    81000       1   13830000 |              F
       5                  NONE                                                               [      12       4 ]      0.172086   -0.000215451  0.9828    81000       1   13830000 |                                          -
       5   [      11       5 ]      0.172907   -0.000114710  0.9676  81000   [      12       4 ]      0.172086   -0.000215451  0.9828    81000       1   21644000 |              F
       6   [      12       4 ]      0.172086   -0.000215451  0.9828  81000   [      12       4 ]      0.172086   -0.000215451  0.9828    81000       1   26246000 |              F
       7   [      19       0 ]      1.000000   -0.500000000  1.0000  81000   [      12       4 ]      0.172086   -0.000215451  0.9828    81000       1   26782000 |              F
       8   [      17       1 ]      0.212952   -0.000336231  0.9615  81000   [      12       4 ]      0.172086   -0.000215451  0.9828    81000       1   30812000 |              F
