
--------------------------------------------------------------------------------------------------------------------------------------------------------------------------------------------------|----------X_r-------------------------------
 Restart                             Suggested                                                                         Current                                                              Total |                                Feasibility/
     No.                              Solution                                                                            Best                                                               Work |                                  Optimality
       r                                   X_r            gk             fk    phat     mk                               Z_r-1             gk             fk     phat   mkprev              (w_r) |             g             f
--------------------------------------------------------------------------------------------------------------------------------------------------------------------------------------------------|----------X_r-------------------------------
       1   [      17       1 ]      0.212952   -0.000336231  0.9615  81000                                                                                                4030000 |              F
       2                  NONE                                                               [      17       1 ]      0.212952   -0.000336231  0.9615    81000       1    4030000 |                                          -
       2   [      12       4 ]      0.172086   -0.000215451  0.9828  81000   [      17       1 ]      0.212952   -0.000336231  0.9615    81000       1    8710000 |              F
       3                  NONE                                                               [      12       4 ]      0.172086   -0.000215451  0.9828    81000       1    8710000 |                                          -
       3                  NONE                                                               [      12       4 ]      0.172086   -0.000215451  0.9828    81000       1    8710000 |                                          -
       3                  NONE                                                               [      12       4 ]      0.172086   -0.000215451  0.9828    81000       1    8710000 |                                          -
       3   [      12       4 ]      0.172086   -0.000215451  0.9828  81000   [      12       4 ]      0.172086   -0.000215451  0.9828    81000       1   13136000 |              F
       4                  NONE                                                               [      12       4 ]      0.172086   -0.000215451  0.9828    81000       1   13136000 |                                          -
       4                  NONE                                                               [      12       4 ]      0.172086   -0.000215451  0.9828    81000       1   13136000 |                                          -
       4   [      12       4 ]      0.172086   -0.000215451  0.9828  81000   [      12       4 ]      0.172086   -0.000215451  0.9828    81000       1   17778000 |              F
       5   [      11       5 ]      0.172907   -0.000114710  0.9676  81000   [      12       4 ]      0.172086   -0.000215451  0.9828    81000       1   25664000 |              F
       6   [      11       5 ]      0.172907   -0.000114710  0.9676  81000   [      12       4 ]      0.172086   -0.000215451  0.9828    81000       1   33514000 |              F
