
--------------------------------------------------------------------------------------------------------------------------------------------------------------------------------------------------|----------X_r-------------------------------
 Restart                             Suggested                                                                         Current                                                              Total |                                Feasibility/
     No.                              Solution                                                                            Best                                                               Work |                                  Optimality
       r                                   X_r            gk             fk    phat     mk                               Z_r-1             gk             fk     phat   mkprev              (w_r) |             g             f
--------------------------------------------------------------------------------------------------------------------------------------------------------------------------------------------------|----------X_r-------------------------------
       1   [      17       1 ]      0.212952   -0.000336231  0.9615  81000                                                                                                4034000 |              F
       2   [      12       4 ]      0.172086   -0.000215451  0.9828  81000   [      17       1 ]      0.212952   -0.000336231  0.9615    81000       1    8636000 |              F
       3                  NONE                                                               [      12       4 ]      0.172086   -0.000215451  0.9828    81000       1    8636000 |                                          -
       3                  NONE                                                               [      12       4 ]      0.172086   -0.000215451  0.9828    81000       1    8636000 |                                          -
       3   [      12       4 ]      0.172086   -0.000215451  0.9828  81000   [      12       4 ]      0.172086   -0.000215451  0.9828    81000       1   13210000 |              F
       4   [      12       4 ]      0.172086   -0.000215451  0.9828  81000   [      12       4 ]      0.172086   -0.000215451  0.9828    81000       1   17772000 |              F
       5   [      12       4 ]      0.172086   -0.000215451  0.9828  81000   [      12       4 ]      0.172086   -0.000215451  0.9828    81000       1   22404000 |              F
       6   [      12       4 ]      0.172086   -0.000215451  0.9828  81000   [      12       4 ]      0.172086   -0.000215451  0.9828    81000       1   27160000 |              F
       7                  NONE                                                               [      12       4 ]      0.172086   -0.000215451  0.9828    81000       1   27160000 |                                          -
       7   [      12       4 ]      0.172086   -0.000215451  0.9828  81000   [      12       4 ]      0.172086   -0.000215451  0.9828    81000       1   31658000 |              F
