
--------------------------------------------------------------------------------------------------------------------------------------------------------------------------------------------------|----------X_r-------------------------------
 Restart                             Suggested                                                                         Current                                                              Total |                                Feasibility/
     No.                              Solution                                                                            Best                                                               Work |                                  Optimality
       r                                   X_r            gk             fk    phat     mk                               Z_r-1             gk             fk     phat   mkprev              (w_r) |             g             f
--------------------------------------------------------------------------------------------------------------------------------------------------------------------------------------------------|----------X_r-------------------------------
       1   [      12       4 ]      0.171714   -0.000186513  0.9645  27000                                                                                                2932000 |              F
       2   [      12       4 ]      0.171714   -0.000186513  0.9645  27000   [      12       4 ]      0.171714   -0.000186513  0.9645    27000       1    5774000 |              F
       3   [      12       4 ]      0.171714   -0.000186513  0.9645  27000   [      12       4 ]      0.171714   -0.000186513  0.9645    27000       1    8688000 |              F
       4                  NONE                                                               [      12       4 ]      0.171714   -0.000186513  0.9645    27000       1    8688000 |                                          -
       4                  NONE                                                               [      12       4 ]      0.171714   -0.000186513  0.9645    27000       1    8688000 |                                          -
       4   [      11       5 ]      0.173164   -0.000202595  0.9583  27000   [      12       4 ]      0.171714   -0.000186513  0.9645    27000       1   14816000 |              F
       5   [      17       1 ]      0.212952   -0.000336231  0.9615  81000   [      12       4 ]      0.172086   -0.000215451  0.9828    81000       1   20574000 |              F
       6                  NONE                                                               [      12       4 ]      0.172086   -0.000215451  0.9828    81000       1   20574000 |                                          -
       6                  NONE                                                               [      12       4 ]      0.172086   -0.000215451  0.9828    81000       1   20574000 |                                          -
       6                  NONE                                                               [      12       4 ]      0.172086   -0.000215451  0.9828    81000       1   20574000 |                                          -
       6                  NONE                                                               [      12       4 ]      0.172086   -0.000215451  0.9828    81000       1   20574000 |                                          -
       6   [      11       5 ]      0.172907   -0.000114710  0.9676  81000   [      12       4 ]      0.172086   -0.000215451  0.9828    81000       1   28388000 |              F
       7                  NONE                                                               [      12       4 ]      0.172086   -0.000215451  0.9828    81000       1   28388000 |                                          -
       7   [      19       0 ]      1.000000   -0.500000000  1.0000  81000   [      12       4 ]      0.172086   -0.000215451  0.9828    81000       1   28924000 |              F
       8   [      12       4 ]      0.172086   -0.000215451  0.9828  81000   [      12       4 ]      0.172086   -0.000215451  0.9828    81000       1   33460000 |              F
