
--------------------------------------------------------------------------------------------------------------------------------------------------------------------------------------------------|----------X_r-------------------------------
 Restart                             Suggested                                                                         Current                                                              Total |                                Feasibility/
     No.                              Solution                                                                            Best                                                               Work |                                  Optimality
       r                                   X_r            gk             fk    phat     mk                               Z_r-1             gk             fk     phat   mkprev              (w_r) |             g             f
--------------------------------------------------------------------------------------------------------------------------------------------------------------------------------------------------|----------X_r-------------------------------
       1                  NONE                                                                                                                                                               0 |                                          -
       1   [      12       4 ]      0.171714   -0.000186513  0.9645  27000                                                                                                2880000 |              F
       2                  NONE                                                               [      12       4 ]      0.171714   -0.000186513  0.9645    27000       1    2880000 |                                          -
       2   [      17       1 ]      0.212952   -0.000336231  0.9615  81000   [      12       4 ]      0.172086   -0.000215451  0.9828    81000       1    8638000 |              F
       3   [      12       4 ]      0.172086   -0.000215451  0.9828  81000   [      12       4 ]      0.172086   -0.000215451  0.9828    81000       1   13176000 |              F
       4                  NONE                                                               [      12       4 ]      0.172086   -0.000215451  0.9828    81000       1   13176000 |                                          -
       4   [      12       4 ]      0.172086   -0.000215451  0.9828  81000   [      12       4 ]      0.172086   -0.000215451  0.9828    81000       1   17750000 |              F
       5   [      12       4 ]      0.172086   -0.000215451  0.9828  81000   [      12       4 ]      0.172086   -0.000215451  0.9828    81000       1   22404000 |              F
       6                  NONE                                                               [      12       4 ]      0.172086   -0.000215451  0.9828    81000       1   22404000 |                                          -
       6   [      12       4 ]      0.172086   -0.000215451  0.9828  81000   [      12       4 ]      0.172086   -0.000215451  0.9828    81000       1   27036000 |              F
       7   [      17       1 ]      0.212952   -0.000336231  0.9615  81000   [      12       4 ]      0.172086   -0.000215451  0.9828    81000       1   31066000 |              F
