
--------------------------------------------------------------------------------------------------------------------------------------------------------------------------------------------------|----------X_r-------------------------------
 Restart                             Suggested                                                                         Current                                                              Total |                                Feasibility/
     No.                              Solution                                                                            Best                                                               Work |                                  Optimality
       r                                   X_r            gk             fk    phat     mk                               Z_r-1             gk             fk     phat   mkprev              (w_r) |             g             f
--------------------------------------------------------------------------------------------------------------------------------------------------------------------------------------------------|----------X_r-------------------------------
       1                  NONE                                                                                                                                                               0 |                                          -
       1   [      12       4 ]      0.171714   -0.000186513  0.9645  27000                                                                                                3028000 |              F
       2                  NONE                                                               [      12       4 ]      0.171714   -0.000186513  0.9645    27000       1    3028000 |                                          -
       2                  NONE                                                               [      12       4 ]      0.171714   -0.000186513  0.9645    27000       1    3028000 |                                          -
       2   [      12       4 ]      0.171714   -0.000186513  0.9645  27000   [      12       4 ]      0.171714   -0.000186513  0.9645    27000       1    5870000 |              F
       3                  NONE                                                               [      12       4 ]      0.171714   -0.000186513  0.9645    27000       1    5870000 |                                          -
       3   [      12       4 ]      0.171714   -0.000186513  0.9645  27000   [      12       4 ]      0.171714   -0.000186513  0.9645    27000       1    8574000 |              F
       4   [      12       4 ]      0.171714   -0.000186513  0.9645  27000   [      12       4 ]      0.171714   -0.000186513  0.9645    27000       1   11390000 |              F
       5   [      12       4 ]      0.171714   -0.000186513  0.9645  27000   [      12       4 ]      0.171714   -0.000186513  0.9645    27000       1   14240000 |              F
       6                  NONE                                                               [      12       4 ]      0.171714   -0.000186513  0.9645    27000       1   14240000 |                                          -
       6   [      17       1 ]      0.212952   -0.000336231  0.9615  81000   [      12       4 ]      0.172086   -0.000215451  0.9828    81000       1   19996000 |              F
       7   [      12       4 ]      0.172086   -0.000215451  0.9828  81000   [      12       4 ]      0.172086   -0.000215451  0.9828    81000       1   24422000 |              F
       8   [      17       1 ]      0.212952   -0.000336231  0.9615  81000   [      12       4 ]      0.172086   -0.000215451  0.9828    81000       1   28452000 |              F
       9   [      11       5 ]      0.172907   -0.000114710  0.9676  81000   [      12       4 ]      0.172086   -0.000215451  0.9828    81000       1   36266000 |              F
