
--------------------------------------------------------------------------------------------------------------------------------------------------------------------------------------------------|----------X_r-------------------------------
 Restart                             Suggested                                                                         Current                                                              Total |                                Feasibility/
     No.                              Solution                                                                            Best                                                               Work |                                  Optimality
       r                                   X_r            gk             fk    phat     mk                               Z_r-1             gk             fk     phat   mkprev              (w_r) |             g             f
--------------------------------------------------------------------------------------------------------------------------------------------------------------------------------------------------|----------X_r-------------------------------
       1                  NONE                                                                                                                                                               0 |                                          -
       1                  NONE                                                                                                                                                               0 |                                          -
       1   [      19       0 ]      1.000000   -0.500000000  1.0000  81000                                                                                                 536000 |              F
       2                  NONE                                                               [      19       0 ]      1.000000   -0.500000000  1.0000    81000       1     536000 |                                          -
       2   [      12       4 ]      0.172086   -0.000215451  0.9828  81000   [      19       0 ]      1.000000   -0.500000000  1.0000    81000       1    5074000 |              F
       3   [      17       1 ]      0.212952   -0.000336231  0.9615  81000   [      12       4 ]      0.172086   -0.000215451  0.9828    81000       1    9106000 |              F
       4                  NONE                                                               [      12       4 ]      0.172086   -0.000215451  0.9828    81000       1    9106000 |                                          -
       4   [      11       5 ]      0.172907   -0.000114710  0.9676  81000   [      12       4 ]      0.172086   -0.000215451  0.9828    81000       1   16992000 |              F
       5   [      12       4 ]      0.172086   -0.000215451  0.9828  81000   [      12       4 ]      0.172086   -0.000215451  0.9828    81000       1   21454000 |              F
       6   [      12       4 ]      0.172086   -0.000215451  0.9828  81000   [      12       4 ]      0.172086   -0.000215451  0.9828    81000       1   25990000 |              F
       7   [      17       1 ]      0.212952   -0.000336231  0.9615  81000   [      12       4 ]      0.172086   -0.000215451  0.9828    81000       1   30022000 |              F
