
--------------------------------------------------------------------------------------------------------------------------------------------------------------------------------------------------|----------X_r-------------------------------
 Restart                             Suggested                                                                         Current                                                              Total |                                Feasibility/
     No.                              Solution                                                                            Best                                                               Work |                                  Optimality
       r                                   X_r            gk             fk    phat     mk                               Z_r-1             gk             fk     phat   mkprev              (w_r) |             g             f
--------------------------------------------------------------------------------------------------------------------------------------------------------------------------------------------------|----------X_r-------------------------------
       1   [      14       3 ]      0.171944   -0.000107072  0.9615  48600                                                                                                7796000 |              F
       2                  NONE                                                               [      14       3 ]      0.171944   -0.000107072  0.9615    48600       1    7796000 |                                          -
       2                  NONE                                                               [      14       3 ]      0.171944   -0.000107072  0.9615    48600       1    7796000 |                                          -
       2                  NONE                                                               [      14       3 ]      0.171944   -0.000107072  0.9615    48600       1    7796000 |                                          -
       2                  NONE                                                               [      14       3 ]      0.171944   -0.000107072  0.9615    48600       1    7796000 |                                          -
       2   [      14       3 ]      0.171944   -0.000107072  0.9615  48600   [      14       3 ]      0.171944   -0.000107072  0.9615    48600       1   15592000 |              F
       3   [      19       0 ]      1.000000   -0.500000000  1.0000  48600   [      14       3 ]      0.171944   -0.000107072  0.9615    48600       1   15927200 |              F
       4                  NONE                                                               [      14       3 ]      0.171944   -0.000107072  0.9615    48600       1   15927200 |                                          -
       4   [      12       4 ]      0.171134   -0.000066137  0.9627  48600   [      14       3 ]      0.171944   -0.000107072  0.9615    48600       1   21172400 |              F
       5   [      14       3 ]      0.171944   -0.000107072  0.9615  48600   [      12       4 ]      0.171134   -0.000066137  0.9627    48600       1   24390400 |              F
       6   [      19       0 ]      1.000000   -0.500000000  1.0000  48600   [      12       4 ]      0.171134   -0.000066137  0.9627    48600       1   24725600 |              F
       7   [      14       3 ]      0.171944   -0.000107072  0.9615  48600   [      12       4 ]      0.171134   -0.000066137  0.9627    48600       1   32521600 |              F
