
--------------------------------------------------------------------------------------------------------------------------------------------------------------------------------------------------|----------X_r-------------------------------
 Restart                             Suggested                                                                         Current                                                              Total |                                Feasibility/
     No.                              Solution                                                                            Best                                                               Work |                                  Optimality
       r                                   X_r            gk             fk    phat     mk                               Z_r-1             gk             fk     phat   mkprev              (w_r) |             g             f
--------------------------------------------------------------------------------------------------------------------------------------------------------------------------------------------------|----------X_r-------------------------------
       1                  NONE                                                                                                                                                               0 |                                          -
       1                  NONE                                                                                                                                                               0 |                                          -
       1   [      12       4 ]      0.171134   -0.000066137  0.9627  48600                                                                                                5051200 |              F
       2   [      12       4 ]      0.171134   -0.000066137  0.9627  48600   [      12       4 ]      0.171134   -0.000066137  0.9627    48600       1   10140800 |              F
       3   [      14       3 ]      0.171944   -0.000107072  0.9615  48600   [      12       4 ]      0.171134   -0.000066137  0.9627    48600       1   13363600 |              F
       4                  NONE                                                               [      12       4 ]      0.171134   -0.000066137  0.9627    48600       1   13363600 |                                          -
       4   [      12       4 ]      0.171134   -0.000066137  0.9627  48600   [      12       4 ]      0.171134   -0.000066137  0.9627    48600       1   18502400 |              F
       5                  NONE                                                               [      12       4 ]      0.171134   -0.000066137  0.9627    48600       1   18502400 |                                          -
       5   [      14       3 ]      0.171944   -0.000107072  0.9615  48600   [      12       4 ]      0.171134   -0.000066137  0.9627    48600       1   26299600 |              F
       6                  NONE                                                               [      12       4 ]      0.171134   -0.000066137  0.9627    48600       1   26299600 |                                          -
       6                  NONE                                                               [      12       4 ]      0.171134   -0.000066137  0.9627    48600       1   26299600 |                                          -
       6                  NONE                                                               [      12       4 ]      0.171134   -0.000066137  0.9627    48600       1   26299600 |                                          -
       6   [      12       4 ]      0.171134   -0.000066137  0.9627  48600   [      12       4 ]      0.171134   -0.000066137  0.9627    48600       1   31338800 |              F
