
--------------------------------------------------------------------------------------------------------------------------------------------------------------------------------------------------|----------X_r-------------------------------
 Restart                             Suggested                                                                         Current                                                              Total |                                Feasibility/
     No.                              Solution                                                                            Best                                                               Work |                                  Optimality
       r                                   X_r            gk             fk    phat     mk                               Z_r-1             gk             fk     phat   mkprev              (w_r) |             g             f
--------------------------------------------------------------------------------------------------------------------------------------------------------------------------------------------------|----------X_r-------------------------------
       1                  NONE                                                                                                                                                               0 |                                          -
       1                  NONE                                                                                                                                                               0 |                                          -
       1   [      19       0 ]      1.000000   -0.500000000  1.0000  48600                                                                                                 335200 |              F
       2                  NONE                                                               [      19       0 ]      1.000000   -0.500000000  1.0000    48600       1     335200 |                                          -
       2   [      14       3 ]      0.171944   -0.000107072  0.9615  48600   [      19       0 ]      1.000000   -0.500000000  1.0000    48600       1    3537600 |              F
       3   [      14       3 ]      0.171944   -0.000107072  0.9615  48600   [      14       3 ]      0.171944   -0.000107072  0.9615    48600       1   11334800 |              F
       4                  NONE                                                               [      14       3 ]      0.171944   -0.000107072  0.9615    48600       1   11334800 |                                          -
       4   [      12       4 ]      0.171134   -0.000066137  0.9627  48600   [      14       3 ]      0.171944   -0.000107072  0.9615    48600       1   16393200 |              F
       5   [      14       3 ]      0.171944   -0.000107072  0.9615  48600   [      12       4 ]      0.171134   -0.000066137  0.9627    48600       1   24190400 |              F
       6   [      14       3 ]      0.171944   -0.000107072  0.9615  48600   [      12       4 ]      0.171134   -0.000066137  0.9627    48600       1   31986400 |              F
