
--------------------------------------------------------------------------------------------------------------------------------------------------------------------------------------------------|----------X_r-------------------------------
 Restart                             Suggested                                                                         Current                                                              Total |                                Feasibility/
     No.                              Solution                                                                            Best                                                               Work |                                  Optimality
       r                                   X_r            gk             fk    phat     mk                               Z_r-1             gk             fk     phat   mkprev              (w_r) |             g             f
--------------------------------------------------------------------------------------------------------------------------------------------------------------------------------------------------|----------X_r-------------------------------
       1                  NONE                                                                                                                                                               0 |                                          -
       1   [      12       4 ]      0.171134   -0.000066137  0.9627  48600                                                                                                5112400 |              F
       2   [      14       3 ]      0.171944   -0.000107072  0.9615  48600   [      12       4 ]      0.171134   -0.000066137  0.9627    48600       1   12912000 |              F
       3                  NONE                                                               [      12       4 ]      0.171134   -0.000066137  0.9627    48600       1   12912000 |                                          -
       3   [      14       3 ]      0.171944   -0.000107072  0.9615  48600   [      12       4 ]      0.171134   -0.000066137  0.9627    48600       1   16134800 |              F
       4   [      12       4 ]      0.171134   -0.000066137  0.9627  48600   [      12       4 ]      0.171134   -0.000066137  0.9627    48600       1   21193200 |              F
       5                  NONE                                                               [      12       4 ]      0.171134   -0.000066137  0.9627    48600       1   21193200 |                                          -
       5   [      12       4 ]      0.171134   -0.000066137  0.9627  48600   [      12       4 ]      0.171134   -0.000066137  0.9627    48600       1   26232400 |              F
       6   [      12       4 ]      0.171134   -0.000066137  0.9627  48600   [      12       4 ]      0.171134   -0.000066137  0.9627    48600       1   31392800 |              F
