
--------------------------------------------------------------------------------------------------------------------------------------------------------------------------------------------------|----------X_r-------------------------------
 Restart                             Suggested                                                                         Current                                                              Total |                                Feasibility/
     No.                              Solution                                                                            Best                                                               Work |                                  Optimality
       r                                   X_r            gk             fk    phat     mk                               Z_r-1             gk             fk     phat   mkprev              (w_r) |             g             f
--------------------------------------------------------------------------------------------------------------------------------------------------------------------------------------------------|----------X_r-------------------------------
       1                  NONE                                                                                                                                                               0 |                                          -
       1                  NONE                                                                                                                                                               0 |                                          -
       1                  NONE                                                                                                                                                               0 |                                          -
       1                  NONE                                                                                                                                                               0 |                                          -
       1   [      14       3 ]      0.171942   -0.000107888  0.9526  16200                                                                                                2174000 |              F
       2   [      19       0 ]      1.000000   -0.500000000  1.0000  48600   [      14       3 ]      0.171944   -0.000107072  0.9615    48600       1    3550800 |              F
       3   [      12       4 ]      0.171134   -0.000066137  0.9627  48600   [      14       3 ]      0.171944   -0.000107072  0.9615    48600       1    8796000 |              F
       4   [      19       0 ]      1.000000   -0.500000000  1.0000  48600   [      12       4 ]      0.171134   -0.000066137  0.9627    48600       1    9131200 |              F
       5                  NONE                                                               [      12       4 ]      0.171134   -0.000066137  0.9627    48600       1    9131200 |                                          -
       5   [      12       4 ]      0.171134   -0.000066137  0.9627  48600   [      12       4 ]      0.171134   -0.000066137  0.9627    48600       1   14189600 |              F
       6                  NONE                                                               [      12       4 ]      0.171134   -0.000066137  0.9627    48600       1   14189600 |                                          -
       6   [      12       4 ]      0.171134   -0.000066137  0.9627  48600   [      12       4 ]      0.171134   -0.000066137  0.9627    48600       1   19228800 |              F
       7   [      19       0 ]      1.000000   -0.500000000  1.0000  48600   [      12       4 ]      0.171134   -0.000066137  0.9627    48600       1   19564000 |              F
       8   [      14       3 ]      0.171944   -0.000107072  0.9615  48600   [      12       4 ]      0.171134   -0.000066137  0.9627    48600       1   22786800 |              F
       9                  NONE                                                               [      12       4 ]      0.171134   -0.000066137  0.9627    48600       1   22786800 |                                          -
       9                  NONE                                                               [      12       4 ]      0.171134   -0.000066137  0.9627    48600       1   22786800 |                                          -
       9   [      12       4 ]      0.171134   -0.000066137  0.9627  48600   [      12       4 ]      0.171134   -0.000066137  0.9627    48600       1   27845200 |              F
      10   [      12       4 ]      0.171134   -0.000066137  0.9627  48600   [      12       4 ]      0.171134   -0.000066137  0.9627    48600       1   33131200 |              F
