
--------------------------------------------------------------------------------------------------------------------------------------------------------------------------------------------------|----------X_r-------------------------------
 Restart                             Suggested                                                                         Current                                                              Total |                                Feasibility/
     No.                              Solution                                                                            Best                                                               Work |                                  Optimality
       r                                   X_r            gk             fk    phat     mk                               Z_r-1             gk             fk     phat   mkprev              (w_r) |             g             f
--------------------------------------------------------------------------------------------------------------------------------------------------------------------------------------------------|----------X_r-------------------------------
       1                  NONE                                                                                                                                                               0 |                                          -
       1   [      14       3 ]      0.171942   -0.000107888  0.9526  16200                                                                                                2190800 |              F
       2   [      14       3 ]      0.171942   -0.000107888  0.9526  16200   [      14       3 ]      0.171942   -0.000107888  0.9526    16200       1    4367200 |              F
       3                  NONE                                                               [      14       3 ]      0.171942   -0.000107888  0.9526    16200       1    4367200 |                                          -
       3   [      14       3 ]      0.171942   -0.000107888  0.9526  16200   [      14       3 ]      0.171942   -0.000107888  0.9526    16200       1    6541200 |              F
       4                  NONE                                                               [      14       3 ]      0.171942   -0.000107888  0.9526    16200       1    6541200 |                                          -
       4   [      12       4 ]      0.171134   -0.000066137  0.9627  48600   [      14       3 ]      0.171944   -0.000107072  0.9615    48600       1   12757600 |              F
       5   [      12       4 ]      0.171134   -0.000066137  0.9627  48600   [      12       4 ]      0.171134   -0.000066137  0.9627    48600       1   17849600 |              F
       6                  NONE                                                               [      12       4 ]      0.171134   -0.000066137  0.9627    48600       1   17849600 |                                          -
       6   [      14       3 ]      0.171944   -0.000107072  0.9615  48600   [      12       4 ]      0.171134   -0.000066137  0.9627    48600       1   25648000 |              F
       7                  NONE                                                               [      12       4 ]      0.171134   -0.000066137  0.9627    48600       1   25648000 |                                          -
       7                  NONE                                                               [      12       4 ]      0.171134   -0.000066137  0.9627    48600       1   25648000 |                                          -
       7   [      14       3 ]      0.171944   -0.000107072  0.9615  48600   [      12       4 ]      0.171134   -0.000066137  0.9627    48600       1   33445200 |              F
