
--------------------------------------------------------------------------------------------------------------------------------------------------------------------------------------------------|----------X_r-------------------------------
 Restart                             Suggested                                                                         Current                                                              Total |                                Feasibility/
     No.                              Solution                                                                            Best                                                               Work |                                  Optimality
       r                                   X_r            gk             fk    phat     mk                               Z_r-1             gk             fk     phat   mkprev              (w_r) |             g             f
--------------------------------------------------------------------------------------------------------------------------------------------------------------------------------------------------|----------X_r-------------------------------
       1   [      14       3 ]      0.171944   -0.000107072  0.9615  48600                                                                                                7793600 |              F
       2                  NONE                                                               [      14       3 ]      0.171944   -0.000107072  0.9615    48600       1    7793600 |                                          -
       2   [      14       3 ]      0.171944   -0.000107072  0.9615  48600   [      14       3 ]      0.171944   -0.000107072  0.9615    48600       1   11026000 |              F
       3   [      14       3 ]      0.171944   -0.000107072  0.9615  48600   [      14       3 ]      0.171944   -0.000107072  0.9615    48600       1   18822000 |              F
       4                  NONE                                                               [      14       3 ]      0.171944   -0.000107072  0.9615    48600       1   18822000 |                                          -
       4                  NONE                                                               [      14       3 ]      0.171944   -0.000107072  0.9615    48600       1   18822000 |                                          -
       4   [      14       3 ]      0.171944   -0.000107072  0.9615  48600   [      14       3 ]      0.171944   -0.000107072  0.9615    48600       1   26618000 |              F
       5                  NONE                                                               [      14       3 ]      0.171944   -0.000107072  0.9615    48600       1   26618000 |                                          -
       5   [      12       4 ]      0.171134   -0.000066137  0.9627  48600   [      14       3 ]      0.171944   -0.000107072  0.9615    48600       1   31904000 |              F
