
--------------------------------------------------------------------------------------------------------------------------------------------------------------------------------------------------|----------X_r-------------------------------
 Restart                             Suggested                                                                         Current                                                              Total |                                Feasibility/
     No.                              Solution                                                                            Best                                                               Work |                                  Optimality
       r                                   X_r            gk             fk    phat     mk                               Z_r-1             gk             fk     phat   mkprev              (w_r) |             g             f
--------------------------------------------------------------------------------------------------------------------------------------------------------------------------------------------------|----------X_r-------------------------------
       1                  NONE                                                                                                                                                               9 |                                          -
       1   [       6       7       7      11 ]     20.000000   -0.004696962  0.9038      9                                                                                                    540 |     20.000000   5.770822789              I
       2                  NONE                                                               [       6       7       7      11 ]     20.000000   -0.004696962  0.9038        9       1        549 |                                          -
       2   [      18       8      17       6 ]     43.000000   -2.204509827  1.0000     10   [       6       7       7      11 ]     20.000000   -0.005983512  0.9228       10       1       3032 |     43.000000   7.984722091              F
       3                  NONE                                                               [       6       7       7      11 ]     20.000000   -0.005983512  0.9228       10       1       3041 |                                          -
       3   [       7       9       7       2 ]     23.000000   -0.039082927  1.0000     18   [       6       7       7      11 ]     20.000000   -0.003234974  0.9159       18       1       5908 |     23.000000   5.833465626              L
       4                  NONE                                                               [       6       7       7      11 ]     20.000000   -0.003234974  0.9159       18       1       5917 |                                          -
       4                  NONE                                                               [       6       7       7      11 ]     20.000000   -0.003234974  0.9159       18       1       5926 |                                          -
       4                  NONE                                                               [       6       7       7      11 ]     20.000000   -0.003234974  0.9159       18       1       5935 |                                          -
       4   [       7       8       6      13 ]     21.000000   -0.030156444  1.0000     28   [       6       7       7      11 ]     20.000000   -0.006284264  0.9505       28       1      10104 |     21.000000   5.805660388              L
       5                  NONE                                                               [       6       7       7      11 ]     20.000000   -0.006284264  0.9505       28       1      10113 |                                          -
       5                  NONE                                                               [       6       7       7      11 ]     20.000000   -0.006284264  0.9505       28       1      10122 |                                          -
       5   [       8       7       6       4 ]     21.000000   -0.023963597  1.0000     37   [       6       7       7      11 ]     20.000000    0.002722036  0.8237       37       1      16147 |     21.000000   5.803126505              L
       6                  NONE                                                               [       8       7       6       4 ]     21.000000   -0.023963597  1.0000       37       1      16156 |                                          -
       6                  NONE                                                               [       8       7       6       4 ]     21.000000   -0.023963597  1.0000       37       1      16165 |                                          -
       6                  NONE                                                               [       8       7       6       4 ]     21.000000   -0.023963597  1.0000       37       1      16174 |                                          -
       6                  NONE                                                               [       8       7       6       4 ]     21.000000   -0.023963597  1.0000       37       1      16183 |                                          -
       6                  NONE                                                               [       8       7       6       4 ]     21.000000   -0.023963597  1.0000       37       1      16192 |                                          -
       6                  NONE                                                               [       8       7       6       4 ]     21.000000   -0.023963597  1.0000       37       1      16201 |                                          -
       6                  NONE                                                               [       8       7       6       4 ]     21.000000   -0.023963597  1.0000       37       1      16210 |                                          -
       6                  NONE                                                               [       8       7       6       4 ]     21.000000   -0.023963597  1.0000       37       1      17399 |                                          -
       6                  NONE                                                               [       8       7       6       4 ]     21.000000   -0.023963597  1.0000       37       1      17408 |                                          -
       6                  NONE                                                               [       8       7       6       4 ]     21.000000   -0.023963597  1.0000       37       1      17417 |                                          -
       6   [       7       8       6      13 ]     21.000000   -0.032685982  1.0000     49   [       8       7       6       4 ]     21.000000   -0.022116702  1.0000       49       1      25317 |     21.000000   5.805660388              L
