
--------------------------------------------------------------------------------------------------------------------------------------------------------------------------------------------------|----------X_r-------------------------------
 Restart                             Suggested                                                                         Current                                                              Total |                                Feasibility/
     No.                              Solution                                                                            Best                                                               Work |                                  Optimality
       r                                   X_r            gk             fk    phat     mk                               Z_r-1             gk             fk     phat   mkprev              (w_r) |             g             f
--------------------------------------------------------------------------------------------------------------------------------------------------------------------------------------------------|----------X_r-------------------------------
       1   [      34       7 ]      0.146128   -0.073332135  0.9321   1800                                                                                                 710400 |              F
       2   [      11      16 ]      0.018119   -0.001738592  0.9499  16200   [      34       7 ]      0.162329   -0.023317234  0.9496    16200       1    2078400 |              F
       3   [       6      18 ]      0.013949   -0.000132773  0.9481  16200   [      11      16 ]      0.018119   -0.001738592  0.9499    16200       1    3020800 |              F
       4   [      34       7 ]      0.162329   -0.023317234  0.9496  16200   [       6      18 ]      0.013949   -0.000132773  0.9481    16200       1    4016400 |              F
       5   [       3      20 ]      0.013243   -0.001970455  0.9598  16200   [       6      18 ]      0.013949   -0.000132773  0.9481    16200       1    4860800 |              F
       6                  NONE                                                               [       3      20 ]      0.013243   -0.001970455  0.9598    16200       1    4860800 |                                          -
       6   [      11      16 ]      0.018119   -0.001738592  0.9499  16200   [       3      20 ]      0.013243   -0.001970455  0.9598    16200       1    6210800 |              F
       7   [      47       3 ]      0.348856   -0.176011237  0.9573  16200   [       3      20 ]      0.013243   -0.001970455  0.9598    16200       1    7409600 |              F
       8   [      23      11 ]      0.066023   -0.001377480  0.9480  16200   [       3      20 ]      0.013243   -0.001970455  0.9598    16200       1    8610800 |              F
       9   [       9      17 ]      0.015691   -0.000613434  0.9488  16200   [       3      20 ]      0.013243   -0.001970455  0.9598    16200       1    9580000 |              F
      10   [      34       7 ]      0.162329   -0.023317234  0.9496  16200   [       3      20 ]      0.013243   -0.001970455  0.9598    16200       1   10767200 |              F
      11   [      28       9 ]      0.108100   -0.069865642  0.9538  16200   [       3      20 ]      0.013243   -0.001970455  0.9598    16200       1   11664800 |              F
      12   [      18      13 ]      0.038143   -0.000452586  0.9480  16200   [       3      20 ]      0.013243   -0.001970455  0.9598    16200       1   13141200 |              F
      13   [       3      20 ]      0.013243   -0.001970455  0.9598  16200   [       3      20 ]      0.013243   -0.001970455  0.9598    16200       1   13985600 |              F
      14   [       3      20 ]      0.013243   -0.001970455  0.9598  16200   [       3      20 ]      0.013243   -0.001970455  0.9598    16200       1   14830000 |              F
      15   [      34       7 ]      0.162329   -0.023317234  0.9496  16200   [       3      20 ]      0.013243   -0.001970455  0.9598    16200       1   16019600 |              F
      16                  NONE                                                               [       3      20 ]      0.013243   -0.001970455  0.9598    16200       1   16019600 |                                          -
      16   [      18      13 ]      0.038143   -0.000452586  0.9480  16200   [       3      20 ]      0.013243   -0.001970455  0.9598    16200       1   17061200 |              F
      17   [      23      11 ]      0.066023   -0.001377480  0.9480  16200   [       3      20 ]      0.013243   -0.001970455  0.9598    16200       1   18348800 |              F
      18   [      11      16 ]      0.018119   -0.001738592  0.9499  16200   [       3      20 ]      0.013243   -0.001970455  0.9598    16200       1   19426800 |              F
      19   [       6      18 ]      0.013949   -0.000132773  0.9481  16200   [       3      20 ]      0.013243   -0.001970455  0.9598    16200       1   20371600 |              F
      20   [      23      11 ]      0.066023   -0.001377480  0.9480  16200   [       3      20 ]      0.013243   -0.001970455  0.9598    16200       1   21607600 |              F
      21   [      11      16 ]      0.018119   -0.001738592  0.9499  16200   [       3      20 ]      0.013243   -0.001970455  0.9598    16200       1   22955200 |              F
      22   [      11      16 ]      0.018119   -0.001738592  0.9499  16200   [       3      20 ]      0.013243   -0.001970455  0.9598    16200       1   24337600 |              F
      23   [       9      17 ]      0.015691   -0.000613434  0.9488  16200   [       3      20 ]      0.013243   -0.001970455  0.9598    16200       1   25300800 |              F
      24   [      23      11 ]      0.066023   -0.001377480  0.9480  16200   [       3      20 ]      0.013243   -0.001970455  0.9598    16200       1   26265200 |              F
      25   [      11      16 ]      0.018119   -0.001738592  0.9499  16200   [       3      20 ]      0.013243   -0.001970455  0.9598    16200       1   27325200 |              F
      26   [      47       3 ]      0.348856   -0.176011237  0.9573  16200   [       3      20 ]      0.013243   -0.001970455  0.9598    16200       1   28469200 |              F
      27   [      18      13 ]      0.038143   -0.000452586  0.9480  16200   [       3      20 ]      0.013243   -0.001970455  0.9598    16200       1   29996000 |              F
      28   [      47       3 ]      0.348856   -0.176011237  0.9573  16200   [       3      20 ]      0.013243   -0.001970455  0.9598    16200       1   31285200 |              F
      29   [      47       3 ]      0.348856   -0.176011237  0.9573  16200   [       3      20 ]      0.013243   -0.001970455  0.9598    16200       1   32574400 |              F
      30   [      29       9 ]      0.108090   -0.069865642  0.9538  16200   [       3      20 ]      0.013243   -0.001970455  0.9598    16200       1   34151600 |              F
      31   [      47       3 ]      0.348856   -0.176011237  0.9573  16200   [       3      20 ]      0.013243   -0.001970455  0.9598    16200       1   35300400 |              F
      32   [      47       3 ]      0.348856   -0.176011237  0.9573  16200   [       3      20 ]      0.013243   -0.001970455  0.9598    16200       1   36584800 |              F
      33   [      47       3 ]      0.348856   -0.176011237  0.9573  16200   [       3      20 ]      0.013243   -0.001970455  0.9598    16200       1   37875200 |              F
      34   [       5      19 ]      0.013319   -0.001529766  0.9534  16200   [       3      20 ]      0.013243   -0.001970455  0.9598    16200       1   38789600 |              F
      35   [      11      16 ]      0.018119   -0.001738592  0.9499  16200   [       3      20 ]      0.013243   -0.001970455  0.9598    16200       1   39884400 |              F
      36   [       3      20 ]      0.013243   -0.001970455  0.9598  16200   [       3      20 ]      0.013243   -0.001970455  0.9598    16200       1   40728800 |              F
      37   [      47       3 ]      0.348856   -0.176011237  0.9573  16200   [       3      20 ]      0.013243   -0.001970455  0.9598    16200       1   41927600 |              F
      38   [      18      13 ]      0.038143   -0.000452586  0.9480  16200   [       3      20 ]      0.013243   -0.001970455  0.9598    16200       1   42969200 |              F
      39   [      47       3 ]      0.348856   -0.176011237  0.9573  16200   [       3      20 ]      0.013243   -0.001970455  0.9598    16200       1   44118000 |              F
      40   [      29       9 ]      0.108090   -0.069865642  0.9538  16200   [       3      20 ]      0.013243   -0.001970455  0.9598    16200       1   45637600 |              F
      41   [      56       0 ]      1.000000  -11.000000000  1.0000  16200   [       3      20 ]      0.013243   -0.001970455  0.9598    16200       1   45811600 |              F
      42   [      23      11 ]      0.066023   -0.001377480  0.9480  16200   [       3      20 ]      0.013243   -0.001970455  0.9598    16200       1   46993600 |              F
      43   [      18      13 ]      0.038143   -0.000452586  0.9480  16200   [       3      20 ]      0.013243   -0.001970455  0.9598    16200       1   48486800 |              F
      44   [      47       3 ]      0.348856   -0.176011237  0.9573  16200   [       3      20 ]      0.013243   -0.001970455  0.9598    16200       1   49779600 |              F
      45   [      47       3 ]      0.348856   -0.176011237  0.9573  16200   [       3      20 ]      0.013243   -0.001970455  0.9598    16200       1   50890000 |              F
