
--------------------------------------------------------------------------------------------------------------------------------------------------------------------------------------------------|----------X_r-------------------------------
 Restart                             Suggested                                                                         Current                                                              Total |                                Feasibility/
     No.                              Solution                                                                            Best                                                               Work |                                  Optimality
       r                                   X_r            gk             fk    phat     mk                               Z_r-1             gk             fk     phat   mkprev              (w_r) |             g             f
--------------------------------------------------------------------------------------------------------------------------------------------------------------------------------------------------|----------X_r-------------------------------
       1   [      34       7 ]      0.146128   -0.073332135  0.9321   1800                                                                                                 950000 |              F
       2   [      18      13 ]      0.029996   -0.001039443  0.9386   5400   [      34       7 ]      0.144081   -0.235673115  0.9933     5400       1    1885600 |              F
       3   [       3      20 ]      0.013243   -0.001970455  0.9598  16200   [      18      13 ]      0.038143   -0.000452586  0.9480    16200       1    3005200 |              F
       4   [      35       7 ]      0.162341   -0.037280548  0.9506  16200   [       3      20 ]      0.013243   -0.001970455  0.9598    16200       1    4387200 |              F
       5   [      56       0 ]      1.000000  -11.000000000  1.0000  16200   [       3      20 ]      0.013243   -0.001970455  0.9598    16200       1    4561200 |              F
       6   [      11      16 ]      0.018119   -0.001738592  0.9499  16200   [       3      20 ]      0.013243   -0.001970455  0.9598    16200       1    5908800 |              F
       7   [      34       7 ]      0.162329   -0.023317234  0.9496  16200   [       3      20 ]      0.013243   -0.001970455  0.9598    16200       1    7205200 |              F
       8   [      34       7 ]      0.162329   -0.023317234  0.9496  16200   [       3      20 ]      0.013243   -0.001970455  0.9598    16200       1    8202000 |              F
       9   [      47       3 ]      0.348856   -0.176011237  0.9573  16200   [       3      20 ]      0.013243   -0.001970455  0.9598    16200       1    9046000 |              F
      10                  NONE                                                               [       3      20 ]      0.013243   -0.001970455  0.9598    16200       1    9046000 |                                          -
      10   [      23      11 ]      0.066023   -0.001377480  0.9480  16200   [       3      20 ]      0.013243   -0.001970455  0.9598    16200       1    9922800 |              F
      11   [      47       3 ]      0.348856   -0.176011237  0.9573  16200   [       3      20 ]      0.013243   -0.001970455  0.9598    16200       1   11104800 |              F
      12   [      47       3 ]      0.348856   -0.176011237  0.9573  16200   [       3      20 ]      0.013243   -0.001970455  0.9598    16200       1   12267600 |              F
      13   [      47       3 ]      0.348856   -0.176011237  0.9573  16200   [       3      20 ]      0.013243   -0.001970455  0.9598    16200       1   13447200 |              F
      14   [      18      13 ]      0.038143   -0.000452586  0.9480  16200   [       3      20 ]      0.013243   -0.001970455  0.9598    16200       1   14536400 |              F
      15   [      18      13 ]      0.038143   -0.000452586  0.9480  16200   [       3      20 ]      0.013243   -0.001970455  0.9598    16200       1   15593600 |              F
      16                  NONE                                                               [       3      20 ]      0.013243   -0.001970455  0.9598    16200       1   15593600 |                                          -
      16                  NONE                                                               [       3      20 ]      0.013243   -0.001970455  0.9598    16200       1   15593600 |                                          -
      16   [      47       3 ]      0.348856   -0.176011237  0.9573  16200   [       3      20 ]      0.013243   -0.001970455  0.9598    16200       1   16756400 |              F
      17   [       6      18 ]      0.013949   -0.000132773  0.9481  16200   [       3      20 ]      0.013243   -0.001970455  0.9598    16200       1   17701200 |              F
      18   [      34       7 ]      0.162329   -0.023317234  0.9496  16200   [       3      20 ]      0.013243   -0.001970455  0.9598    16200       1   18943600 |              F
      19   [      47       3 ]      0.348856   -0.176011237  0.9573  16200   [       3      20 ]      0.013243   -0.001970455  0.9598    16200       1   20052800 |              F
      20   [      23      11 ]      0.066023   -0.001377480  0.9480  16200   [       3      20 ]      0.013243   -0.001970455  0.9598    16200       1   21340400 |              F
      21   [       5      19 ]      0.013319   -0.001529766  0.9534  16200   [       3      20 ]      0.013243   -0.001970455  0.9598    16200       1   22244000 |              F
      22   [      35       7 ]      0.162341   -0.037280548  0.9506  16200   [       3      20 ]      0.013243   -0.001970455  0.9598    16200       1   23729200 |              F
      23   [      34       7 ]      0.162329   -0.023317234  0.9496  16200   [       3      20 ]      0.013243   -0.001970455  0.9598    16200       1   24709200 |              F
      24   [       5      19 ]      0.013319   -0.001529766  0.9534  16200   [       3      20 ]      0.013243   -0.001970455  0.9598    16200       1   25612800 |              F
      25   [      18      13 ]      0.038143   -0.000452586  0.9480  16200   [       3      20 ]      0.013243   -0.001970455  0.9598    16200       1   27139600 |              F
      26   [      47       3 ]      0.348856   -0.176011237  0.9573  16200   [       3      20 ]      0.013243   -0.001970455  0.9598    16200       1   28428800 |              F
      27   [      29       9 ]      0.108090   -0.069865642  0.9538  16200   [       3      20 ]      0.013243   -0.001970455  0.9598    16200       1   29929200 |              F
      28   [       9      17 ]      0.015691   -0.000613434  0.9488  16200   [       3      20 ]      0.013243   -0.001970455  0.9598    16200       1   30879200 |              F
      29   [      29       9 ]      0.108090   -0.069865642  0.9538  16200   [       3      20 ]      0.013243   -0.001970455  0.9598    16200       1   32416800 |              F
      30   [       9      17 ]      0.015691   -0.000613434  0.9488  16200   [       3      20 ]      0.013243   -0.001970455  0.9598    16200       1   33366800 |              F
      31                  NONE                                                               [       3      20 ]      0.013243   -0.001970455  0.9598    16200       1   33366800 |                                          -
      31   [      23      11 ]      0.066023   -0.001377480  0.9480  16200   [       3      20 ]      0.013243   -0.001970455  0.9598    16200       1   34568000 |              F
      32   [       3      20 ]      0.013243   -0.001970455  0.9598  16200   [       3      20 ]      0.013243   -0.001970455  0.9598    16200       1   35412400 |              F
      33   [      18      13 ]      0.038143   -0.000452586  0.9480  16200   [       3      20 ]      0.013243   -0.001970455  0.9598    16200       1   36487600 |              F
      34   [       9      17 ]      0.015691   -0.000613434  0.9488  16200   [       3      20 ]      0.013243   -0.001970455  0.9598    16200       1   37456800 |              F
      35   [       5      19 ]      0.013319   -0.001529766  0.9534  16200   [       3      20 ]      0.013243   -0.001970455  0.9598    16200       1   38360400 |              F
      36   [       3      20 ]      0.013243   -0.001970455  0.9598  16200   [       3      20 ]      0.013243   -0.001970455  0.9598    16200       1   39194800 |              F
      37   [      47       3 ]      0.348856   -0.176011237  0.9573  16200   [       3      20 ]      0.013243   -0.001970455  0.9598    16200       1   40487600 |              F
      38   [      47       3 ]      0.348856   -0.176011237  0.9573  16200   [       3      20 ]      0.013243   -0.001970455  0.9598    16200       1   41598000 |              F
      39   [      11      16 ]      0.018119   -0.001738592  0.9499  16200   [       3      20 ]      0.013243   -0.001970455  0.9598    16200       1   42664000 |              F
      40   [      11      16 ]      0.018119   -0.001738592  0.9499  16200   [       3      20 ]      0.013243   -0.001970455  0.9598    16200       1   44046400 |              F
      41   [      18      13 ]      0.038143   -0.000452586  0.9480  16200   [       3      20 ]      0.013243   -0.001970455  0.9598    16200       1   45531200 |              F
      42   [       9      17 ]      0.015691   -0.000613434  0.9488  16200   [       3      20 ]      0.013243   -0.001970455  0.9598    16200       1   46498000 |              F
      43   [      35       7 ]      0.162341   -0.037280548  0.9506  16200   [       3      20 ]      0.013243   -0.001970455  0.9598    16200       1   48150400 |              F
      44   [      35       7 ]      0.162341   -0.037280548  0.9506  16200   [       3      20 ]      0.013243   -0.001970455  0.9598    16200       1   49536000 |              F
      45   [      47       3 ]      0.348856   -0.176011237  0.9573  16200   [       3      20 ]      0.013243   -0.001970455  0.9598    16200       1   50702800 |              F
