
--------------------------------------------------------------------------------------------------------------------------------------------------------------------------------------------------|----------X_r-------------------------------
 Restart                             Suggested                                                                         Current                                                              Total |                                Feasibility/
     No.                              Solution                                                                            Best                                                               Work |                                  Optimality
       r                                   X_r            gk             fk    phat     mk                               Z_r-1             gk             fk     phat   mkprev              (w_r) |             g             f
--------------------------------------------------------------------------------------------------------------------------------------------------------------------------------------------------|----------X_r-------------------------------
       1   [      27       8 ]      0.292332   -0.012636511  0.9349   3000                                                                                                 560000 |              F
       2   [       8      19 ]      0.160524   -0.000979758  0.9526   9000   [      27       8 ]      0.304338   -0.001248747  0.9427     9000       1    1742000 |              F
       3   [       9      18 ]      0.160860   -0.000212010  0.9438   9000   [       8      19 ]      0.160524   -0.000979758  0.9526     9000       1    2580000 |              F
       4                  NONE                                                               [       8      19 ]      0.160524   -0.000979758  0.9526     9000       1    2580000 |                                          -
       4   [       8      19 ]      0.160524   -0.000979758  0.9526   9000   [       8      19 ]      0.160524   -0.000979758  0.9526     9000       1    3542000 |              F
       5   [      31       6 ]      0.405846   -0.010603034  0.9437   9000   [       8      19 ]      0.160524   -0.000979758  0.9526     9000       1    4450000 |              F
       6   [       9      18 ]      0.160860   -0.000212010  0.9438   9000   [       8      19 ]      0.160524   -0.000979758  0.9526     9000       1    5346000 |              F
       7   [      15      14 ]      0.170391   -0.000213915  0.9428   9000   [       8      19 ]      0.160524   -0.000979758  0.9526     9000       1    6410000 |              F
       8   [       9      18 ]      0.160860   -0.000212010  0.9438   9000   [       8      19 ]      0.160524   -0.000979758  0.9526     9000       1    7398000 |              F
       9   [      40       2 ]      0.703008   -0.039405763  0.9462   9000   [       8      19 ]      0.160524   -0.000979758  0.9526     9000       1    8458000 |              F
      10                  NONE                                                               [       8      19 ]      0.160524   -0.000979758  0.9526     9000       1    8458000 |                                          -
      10   [       8      19 ]      0.160524   -0.000979758  0.9526   9000   [       8      19 ]      0.160524   -0.000979758  0.9526     9000       1    9554000 |              F
      11   [       8      19 ]      0.160524   -0.000979758  0.9526   9000   [       8      19 ]      0.160524   -0.000979758  0.9526     9000       1   10516000 |              F
      12   [      17      13 ]      0.177589   -0.027178356  0.9625   9000   [       8      19 ]      0.160524   -0.000979758  0.9526     9000       1   11702000 |              F
      13   [       8      19 ]      0.160524   -0.000979758  0.9526   9000   [       8      19 ]      0.160524   -0.000979758  0.9526     9000       1   12798000 |              F
      14                  NONE                                                               [       8      19 ]      0.160524   -0.000979758  0.9526     9000       1   12798000 |                                          -
      14   [       9      18 ]      0.160860   -0.000212010  0.9438   9000   [       8      19 ]      0.160524   -0.000979758  0.9526     9000       1   13818000 |              F
      15                  NONE                                                               [       8      19 ]      0.160524   -0.000979758  0.9526     9000       1   13818000 |                                          -
      15   [      27       8 ]      0.304338   -0.001248747  0.9427   9000   [       8      19 ]      0.160524   -0.000979758  0.9526     9000       1   15070000 |              F
      16   [      17      13 ]      0.177589   -0.027178356  0.9625   9000   [       8      19 ]      0.160524   -0.000979758  0.9526     9000       1   16170000 |              F
      17   [      38       3 ]      0.597359   -0.009811278  0.9464   9000   [       8      19 ]      0.160524   -0.000979758  0.9526     9000       1   17314000 |              F
      18   [      38       3 ]      0.597359   -0.009811278  0.9464   9000   [       8      19 ]      0.160524   -0.000979758  0.9526     9000       1   18492000 |              F
      19   [      21      11 ]      0.206772   -0.001686555  0.9431   9000   [       8      19 ]      0.160524   -0.000979758  0.9526     9000       1   19908000 |              F
      20   [       9      18 ]      0.160860   -0.000212010  0.9438   9000   [       8      19 ]      0.160524   -0.000979758  0.9526     9000       1   21756000 |              F
      21   [      17      13 ]      0.177589   -0.027178356  0.9625   9000   [       8      19 ]      0.160524   -0.000979758  0.9526     9000       1   22794000 |              F
      22   [      15      14 ]      0.170391   -0.000213915  0.9428   9000   [       8      19 ]      0.160524   -0.000979758  0.9526     9000       1   23858000 |              F
      23   [      17      13 ]      0.177589   -0.027178356  0.9625   9000   [       8      19 ]      0.160524   -0.000979758  0.9526     9000       1   24958000 |              F
      24   [      29       7 ]      0.351035   -0.007432173  0.9435   9000   [       8      19 ]      0.160524   -0.000979758  0.9526     9000       1   26052000 |              F
      25   [      44       0 ]      1.000000   -7.000000000  1.0000  27000   [       8      19 ]      0.160328   -0.000098491  0.9550    27000       1   26724000 |              F
      26   [       9      18 ]      0.160369   -0.000131050  0.9546  27000   [       8      19 ]      0.160328   -0.000098491  0.9550    27000       1   28248000 |              F
      27   [      21      11 ]      0.219055   -0.004010060  0.9553  27000   [       8      19 ]      0.160328   -0.000098491  0.9550    27000       1   31138000 |              F
      28   [      15      14 ]      0.171361   -0.000173893  0.9528  27000   [       8      19 ]      0.160328   -0.000098491  0.9550    27000       1   32766000 |              F
      29   [       9      18 ]      0.160369   -0.000131050  0.9546  27000   [       8      19 ]      0.160328   -0.000098491  0.9550    27000       1   35066000 |              F
      30   [      21      11 ]      0.219055   -0.004010060  0.9553  27000   [       8      19 ]      0.160328   -0.000098491  0.9550    27000       1   36898000 |              F
      31                  NONE                                                               [       8      19 ]      0.160328   -0.000098491  0.9550    27000       1   36898000 |                                          -
      31   [      27       8 ]      0.323159   -0.008983183  0.9544  27000   [       8      19 ]      0.160328   -0.000098491  0.9550    27000       1   38562000 |              F
      32   [      38       3 ]      0.624682   -0.001943332  0.9523  27000   [       8      19 ]      0.160328   -0.000098491  0.9550    27000       1   40182000 |              F
      33   [      40       2 ]      0.719717   -0.004284351  0.9524  27000   [       8      19 ]      0.160328   -0.000098491  0.9550    27000       1   41716000 |              F
      34                  NONE                                                               [       8      19 ]      0.160328   -0.000098491  0.9550    27000       1   41716000 |                                          -
      34                  NONE                                                               [       8      19 ]      0.160328   -0.000098491  0.9550    27000       1   41716000 |                                          -
      34   [      27       8 ]      0.323159   -0.008983183  0.9544  27000   [       8      19 ]      0.160328   -0.000098491  0.9550    27000       1   43382000 |              F
      35   [      38       3 ]      0.624682   -0.001943332  0.9523  27000   [       8      19 ]      0.160328   -0.000098491  0.9550    27000       1   45098000 |              F
      36   [      27       8 ]      0.323159   -0.008983183  0.9544  27000   [       8      19 ]      0.160328   -0.000098491  0.9550    27000       1   46668000 |              F
      37   [      21      11 ]      0.219055   -0.004010060  0.9553  27000   [       8      19 ]      0.160328   -0.000098491  0.9550    27000       1   49492000 |              F
      38   [      21      11 ]      0.219055   -0.004010060  0.9553  27000   [       8      19 ]      0.160328   -0.000098491  0.9550    27000       1   52378000 |              F
