
--------------------------------------------------------------------------------------------------------------------------------------------------------------------------------------------------|----------X_r-------------------------------
 Restart                             Suggested                                                                         Current                                                              Total |                                Feasibility/
     No.                              Solution                                                                            Best                                                               Work |                                  Optimality
       r                                   X_r            gk             fk    phat     mk                               Z_r-1             gk             fk     phat   mkprev              (w_r) |             g             f
--------------------------------------------------------------------------------------------------------------------------------------------------------------------------------------------------|----------X_r-------------------------------
       1   [      31       6 ]      0.395840   -0.049834148  0.9378   3000                                                                                                 584000 |              F
       2   [       9      18 ]      0.160860   -0.000212010  0.9438   9000   [      31       6 ]      0.405846   -0.010603034  0.9437     9000       1    2632000 |              F
       3                  NONE                                                               [       9      18 ]      0.160860   -0.000212010  0.9438     9000       1    2632000 |                                          -
       3   [      27       8 ]      0.304338   -0.001248747  0.9427   9000   [       9      18 ]      0.160860   -0.000212010  0.9438     9000       1    3726000 |              F
       4   [      44       0 ]      1.000000   -7.000000000  1.0000  27000   [       9      18 ]      0.160369   -0.000131050  0.9546    27000       1    4426000 |              F
       5   [       9      18 ]      0.160369   -0.000131050  0.9546  27000   [       9      18 ]      0.160369   -0.000131050  0.9546    27000       1    5950000 |              F
       6   [      31       6 ]      0.417266   -0.004082895  0.9527  27000   [       9      18 ]      0.160369   -0.000131050  0.9546    27000       1    7102000 |              F
       7   [      31       6 ]      0.417266   -0.004082895  0.9527  27000   [       9      18 ]      0.160369   -0.000131050  0.9546    27000       1    8672000 |              F
       8   [      40       2 ]      0.719717   -0.004284351  0.9524  27000   [       9      18 ]      0.160369   -0.000131050  0.9546    27000       1   10208000 |              F
       9                  NONE                                                               [       9      18 ]      0.160369   -0.000131050  0.9546    27000       1   10208000 |                                          -
       9   [      21      11 ]      0.219055   -0.004010060  0.9553  27000   [       9      18 ]      0.160369   -0.000131050  0.9546    27000       1   12138000 |              F
      10   [      38       3 ]      0.624682   -0.001943332  0.9523  27000   [       9      18 ]      0.160369   -0.000131050  0.9546    27000       1   13854000 |              F
      11   [      38       3 ]      0.624682   -0.001943332  0.9523  27000   [       9      18 ]      0.160369   -0.000131050  0.9546    27000       1   15570000 |              F
      12   [      38       3 ]      0.624682   -0.001943332  0.9523  27000   [       9      18 ]      0.160369   -0.000131050  0.9546    27000       1   17252000 |              F
      13   [      15      14 ]      0.171361   -0.000173893  0.9528  27000   [       9      18 ]      0.160369   -0.000131050  0.9546    27000       1   18758000 |              F
      14   [      15      14 ]      0.171361   -0.000173893  0.9528  27000   [       9      18 ]      0.160369   -0.000131050  0.9546    27000       1   20298000 |              F
      15                  NONE                                                               [       9      18 ]      0.160369   -0.000131050  0.9546    27000       1   20298000 |                                          -
      15                  NONE                                                               [       9      18 ]      0.160369   -0.000131050  0.9546    27000       1   20298000 |                                          -
      15   [      38       3 ]      0.624682   -0.001943332  0.9523  27000   [       9      18 ]      0.160369   -0.000131050  0.9546    27000       1   22014000 |              F
      16   [       8      19 ]      0.160328   -0.000098491  0.9550  27000   [       9      18 ]      0.160369   -0.000131050  0.9546    27000       1   23452000 |              F
      17   [      31       6 ]      0.417266   -0.004082895  0.9527  27000   [       8      19 ]      0.160328   -0.000098491  0.9550    27000       1   25212000 |              F
      18   [      38       3 ]      0.624682   -0.001943332  0.9523  27000   [       8      19 ]      0.160328   -0.000098491  0.9550    27000       1   26832000 |              F
      19   [      21      11 ]      0.219055   -0.004010060  0.9553  27000   [       8      19 ]      0.160328   -0.000098491  0.9550    27000       1   28698000 |              F
      20                  NONE                                                               [       8      19 ]      0.160328   -0.000098491  0.9550    27000       1   28698000 |                                          -
      20   [      29       7 ]      0.369138   -0.000667060  0.9522  27000   [       8      19 ]      0.160328   -0.000098491  0.9550    27000       1   30302000 |              F
      21   [      31       6 ]      0.417266   -0.004082895  0.9527  27000   [       8      19 ]      0.160328   -0.000098491  0.9550    27000       1   31872000 |              F
      22                  NONE                                                               [       8      19 ]      0.160328   -0.000098491  0.9550    27000       1   31872000 |                                          -
      22   [      17      13 ]      0.180649   -0.000177778  0.9525  27000   [       8      19 ]      0.160328   -0.000098491  0.9550    27000       1   33626000 |              F
      23   [      40       2 ]      0.719717   -0.004284351  0.9524  27000   [       8      19 ]      0.160328   -0.000098491  0.9550    27000       1   35158000 |              F
      24   [      21      11 ]      0.219055   -0.004010060  0.9553  27000   [       8      19 ]      0.160328   -0.000098491  0.9550    27000       1   38044000 |              F
      25   [       8      19 ]      0.160328   -0.000098491  0.9550  27000   [       8      19 ]      0.160328   -0.000098491  0.9550    27000       1   39426000 |              F
      26   [      27       8 ]      0.323159   -0.008983183  0.9544  27000   [       8      19 ]      0.160328   -0.000098491  0.9550    27000       1   40966000 |              F
      27   [       8      19 ]      0.160328   -0.000098491  0.9550  27000   [       8      19 ]      0.160328   -0.000098491  0.9550    27000       1   42432000 |              F
      28                  NONE                                                               [       8      19 ]      0.160328   -0.000098491  0.9550    27000       1   42432000 |                                          -
      28   [      17      13 ]      0.180649   -0.000177778  0.9525  27000   [       8      19 ]      0.160328   -0.000098491  0.9550    27000       1   43848000 |              F
      29                  NONE                                                               [       8      19 ]      0.160328   -0.000098491  0.9550    27000       1   43848000 |                                          -
      29   [      15      14 ]      0.171361   -0.000173893  0.9528  27000   [       8      19 ]      0.160328   -0.000098491  0.9550    27000       1   45476000 |              F
      30   [       9      18 ]      0.160369   -0.000131050  0.9546  27000   [       8      19 ]      0.160328   -0.000098491  0.9550    27000       1   46732000 |              F
      31                  NONE                                                               [       8      19 ]      0.160328   -0.000098491  0.9550    27000       1   46732000 |                                          -
      31                  NONE                                                               [       8      19 ]      0.160328   -0.000098491  0.9550    27000       1   46732000 |                                          -
      31   [      44       0 ]      1.000000   -7.000000000  1.0000  27000   [       8      19 ]      0.160328   -0.000098491  0.9550    27000       1   46984000 |              F
      32   [      31       6 ]      0.417266   -0.004082895  0.9527  27000   [       8      19 ]      0.160328   -0.000098491  0.9550    27000       1   48836000 |              F
      33   [       9      18 ]      0.160369   -0.000131050  0.9546  27000   [       8      19 ]      0.160328   -0.000098491  0.9550    27000       1   51042000 |              F
