
--------------------------------------------------------------------------------------------------------------------------------------------------------------------------------------------------|----------X_r-------------------------------
 Restart                             Suggested                                                                         Current                                                              Total |                                Feasibility/
     No.                              Solution                                                                            Best                                                               Work |                                  Optimality
       r                                   X_r            gk             fk    phat     mk                               Z_r-1             gk             fk     phat   mkprev              (w_r) |             g             f
--------------------------------------------------------------------------------------------------------------------------------------------------------------------------------------------------|----------X_r-------------------------------
       1   [      28       7 ]      0.328017   -0.001886067  0.9383   5400                                                                                                1054000 |              F
       2   [      14      15 ]      0.180693   -0.000585200  0.9418   5400   [      28       7 ]      0.328017   -0.001886067  0.9383     5400       1    1682000 |              F
       3                  NONE                                                               [      14      15 ]      0.180693   -0.000585200  0.9418     5400       1    1682000 |                                          -
       3   [      17      13 ]      0.185912   -0.003336723  0.9440   5400   [      14      15 ]      0.180693   -0.000585200  0.9418     5400       1    2412000 |              F
       4   [      44       0 ]      1.000000  -10.000000000  1.0000  48600   [      14      15 ]      0.182440   -0.000282209  0.9590    48600       1    3685200 |              F
       5   [      10      18 ]      0.180079   -0.000106522  0.9627  48600   [      14      15 ]      0.182440   -0.000282209  0.9590    48600       1    5091600 |              F
       6   [      28       7 ]      0.350521   -0.000005637  0.9568  48600   [      10      18 ]      0.180079   -0.000106522  0.9627    48600       1    7036000 |              F
       7   [      28       7 ]      0.350521   -0.000005637  0.9568  48600   [      10      18 ]      0.180079   -0.000106522  0.9627    48600       1    8554400 |              F
       8   [      35       4 ]      0.528370   -0.005503729  0.9574  48600   [      10      18 ]      0.180079   -0.000106522  0.9627    48600       1   10555200 |              F
       9                  NONE                                                               [      10      18 ]      0.180079   -0.000106522  0.9627    48600       1   10555200 |                                          -
       9   [      17      13 ]      0.191096   -0.000401866  0.9577  48600   [      10      18 ]      0.180079   -0.000106522  0.9627    48600       1   12139600 |              F
      10   [      30       6 ]      0.400767   -0.000069253  0.9569  48600   [      10      18 ]      0.180079   -0.000106522  0.9627    48600       1   13666800 |              F
      11   [      30       6 ]      0.400767   -0.000069253  0.9569  48600   [      10      18 ]      0.180079   -0.000106522  0.9627    48600       1   15194000 |              F
      12   [      30       6 ]      0.400767   -0.000069253  0.9569  48600   [      10      18 ]      0.180079   -0.000106522  0.9627    48600       1   16709200 |              F
      13   [      14      15 ]      0.182440   -0.000282209  0.9590  48600   [      10      18 ]      0.180079   -0.000106522  0.9627    48600       1   18165600 |              F
      14   [      15      14 ]      0.185549   -0.000119293  0.9573  48600   [      10      18 ]      0.180079   -0.000106522  0.9627    48600       1   19672400 |              F
      15                  NONE                                                               [      10      18 ]      0.180079   -0.000106522  0.9627    48600       1   19672400 |                                          -
      15                  NONE                                                               [      10      18 ]      0.180079   -0.000106522  0.9627    48600       1   19672400 |                                          -
      15                  NONE                                                               [      10      18 ]      0.180079   -0.000106522  0.9627    48600       1   19672400 |                                          -
      15   [      28       7 ]      0.350521   -0.000005637  0.9568  48600   [      10      18 ]      0.180079   -0.000106522  0.9627    48600       1   21263600 |              F
      16   [      30       6 ]      0.400767   -0.000069253  0.9569  48600   [      10      18 ]      0.180079   -0.000106522  0.9627    48600       1   22790800 |              F
      17   [      30       6 ]      0.400767   -0.000069253  0.9569  48600   [      10      18 ]      0.180079   -0.000106522  0.9627    48600       1   24312000 |              F
      18   [       8      18 ]      0.180134   -0.000572686  0.9805  48600   [      10      18 ]      0.180079   -0.000106522  0.9627    48600       1   26004800 |              F
      19   [      28       7 ]      0.350521   -0.000005637  0.9568  48600   [      10      18 ]      0.180079   -0.000106522  0.9627    48600       1   27974000 |              F
      20   [      17      13 ]      0.191096   -0.000401866  0.9577  48600   [      10      18 ]      0.180079   -0.000106522  0.9627    48600       1   29541600 |              F
      21                  NONE                                                               [      10      18 ]      0.180079   -0.000106522  0.9627    48600       1   29541600 |                                          -
      21   [      28       7 ]      0.350521   -0.000005637  0.9568  48600   [      10      18 ]      0.180079   -0.000106522  0.9627    48600       1   31060000 |              F
      22   [      28       7 ]      0.350521   -0.000005637  0.9568  48600   [      10      18 ]      0.180079   -0.000106522  0.9627    48600       1   32578400 |              F
      23                  NONE                                                               [      10      18 ]      0.180079   -0.000106522  0.9627    48600       1   32578400 |                                          -
      23   [      35       4 ]      0.528370   -0.005503729  0.9574  48600   [      10      18 ]      0.180079   -0.000106522  0.9627    48600       1   34579600 |              F
      24   [       8      18 ]      0.180134   -0.000572686  0.9805  48600   [      10      18 ]      0.180079   -0.000106522  0.9627    48600       1   36234800 |              F
      25   [      17      13 ]      0.191096   -0.000401866  0.9577  48600   [      10      18 ]      0.180079   -0.000106522  0.9627    48600       1   37843200 |              F
      26   [       8      18 ]      0.180134   -0.000572686  0.9805  48600   [      10      18 ]      0.180079   -0.000106522  0.9627    48600       1   39503600 |              F
      27                  NONE                                                               [      10      18 ]      0.180079   -0.000106522  0.9627    48600       1   39503600 |                                          -
      27   [      17      13 ]      0.191096   -0.000401866  0.9577  48600   [      10      18 ]      0.180079   -0.000106522  0.9627    48600       1   41053600 |              F
      28                  NONE                                                               [      10      18 ]      0.180079   -0.000106522  0.9627    48600       1   41053600 |                                          -
      28   [      18      13 ]      0.191112   -0.000710508  0.9583  48600   [      10      18 ]      0.180079   -0.000106522  0.9627    48600       1   43954000 |              F
      29   [      10      18 ]      0.180079   -0.000106522  0.9627  48600   [      10      18 ]      0.180079   -0.000106522  0.9627    48600       1   46430800 |              F
      30                  NONE                                                               [      10      18 ]      0.180079   -0.000106522  0.9627    48600       1   46430800 |                                          -
      30                  NONE                                                               [      10      18 ]      0.180079   -0.000106522  0.9627    48600       1   46430800 |                                          -
      30   [      44       0 ]      1.000000  -10.000000000  1.0000  48600   [      10      18 ]      0.180079   -0.000106522  0.9627    48600       1   46874400 |              F
      31   [      28       7 ]      0.350521   -0.000005637  0.9568  48600   [      10      18 ]      0.180079   -0.000106522  0.9627    48600       1   48818800 |              F
      32   [      10      18 ]      0.180079   -0.000106522  0.9627  48600   [      10      18 ]      0.180079   -0.000106522  0.9627    48600       1   51285200 |              F
