
--------------------------------------------------------------------------------------------------------------------------------------------------------------------------------------------------|----------X_r-------------------------------
 Restart                             Suggested                                                                         Current                                                              Total |                                Feasibility/
     No.                              Solution                                                                            Best                                                               Work |                                  Optimality
       r                                   X_r            gk             fk    phat     mk                               Z_r-1             gk             fk     phat   mkprev              (w_r) |             g             f
--------------------------------------------------------------------------------------------------------------------------------------------------------------------------------------------------|----------X_r-------------------------------
       1   [      14       3 ]      0.171944   -0.000107072  0.9615  48600                                                                                                7796000 |              F
       2                  NONE                                                               [      14       3 ]      0.171944   -0.000107072  0.9615    48600       1    7796000 |                                          -
       2   [      12       4 ]      0.171134   -0.000066137  0.9627  48600   [      14       3 ]      0.171944   -0.000107072  0.9615    48600       1   13038000 |              F
       3                  NONE                                                               [      12       4 ]      0.171134   -0.000066137  0.9627    48600       1   13038000 |                                          -
       3                  NONE                                                               [      12       4 ]      0.171134   -0.000066137  0.9627    48600       1   13038000 |                                          -
       3                  NONE                                                               [      12       4 ]      0.171134   -0.000066137  0.9627    48600       1   13038000 |                                          -
       3   [      12       4 ]      0.171134   -0.000066137  0.9627  48600   [      12       4 ]      0.171134   -0.000066137  0.9627    48600       1   18077200 |              F
       4                  NONE                                                               [      12       4 ]      0.171134   -0.000066137  0.9627    48600       1   18077200 |                                          -
       4                  NONE                                                               [      12       4 ]      0.171134   -0.000066137  0.9627    48600       1   18077200 |                                          -
       4   [      12       4 ]      0.171134   -0.000066137  0.9627  48600   [      12       4 ]      0.171134   -0.000066137  0.9627    48600       1   23190800 |              F
       5   [      12       4 ]      0.171134   -0.000066137  0.9627  48600   [      12       4 ]      0.171134   -0.000066137  0.9627    48600       1   28476800 |              F
       6   [      12       4 ]      0.171134   -0.000066137  0.9627  48600   [      12       4 ]      0.171134   -0.000066137  0.9627    48600       1   33651600 |              F
