
--------------------------------------------------------------------------------------------------------------------------------------------------------------------------------------------------|----------X_r-------------------------------
 Restart                             Suggested                                                                         Current                                                              Total |                                Feasibility/
     No.                              Solution                                                                            Best                                                               Work |                                  Optimality
       r                                   X_r            gk             fk    phat     mk                               Z_r-1             gk             fk     phat   mkprev              (w_r) |             g             f
--------------------------------------------------------------------------------------------------------------------------------------------------------------------------------------------------|----------X_r-------------------------------
       1   [      14       3 ]      0.171944   -0.000107072  0.9615  48600                                                                                                7796000 |              F
       2   [      12       4 ]      0.171134   -0.000066137  0.9627  48600   [      14       3 ]      0.171944   -0.000107072  0.9615    48600       1   12835200 |              F
       3   [      14       3 ]      0.171944   -0.000107072  0.9615  48600   [      12       4 ]      0.171134   -0.000066137  0.9627    48600       1   16053200 |              F
       4                  NONE                                                               [      12       4 ]      0.171134   -0.000066137  0.9627    48600       1   16053200 |                                          -
       4   [      14       3 ]      0.171944   -0.000107072  0.9615  48600   [      12       4 ]      0.171134   -0.000066137  0.9627    48600       1   19285600 |              F
       5                  NONE                                                               [      12       4 ]      0.171134   -0.000066137  0.9627    48600       1   19285600 |                                          -
       5   [      12       4 ]      0.171134   -0.000066137  0.9627  48600   [      12       4 ]      0.171134   -0.000066137  0.9627    48600       1   24571600 |              F
       6                  NONE                                                               [      12       4 ]      0.171134   -0.000066137  0.9627    48600       1   24571600 |                                          -
       6                  NONE                                                               [      12       4 ]      0.171134   -0.000066137  0.9627    48600       1   24571600 |                                          -
       6   [      12       4 ]      0.171134   -0.000066137  0.9627  48600   [      12       4 ]      0.171134   -0.000066137  0.9627    48600       1   29610800 |              F
       7                  NONE                                                               [      12       4 ]      0.171134   -0.000066137  0.9627    48600       1   29610800 |                                          -
       7                  NONE                                                               [      12       4 ]      0.171134   -0.000066137  0.9627    48600       1   29610800 |                                          -
       7                  NONE                                                               [      12       4 ]      0.171134   -0.000066137  0.9627    48600       1   29610800 |                                          -
       7                  NONE                                                               [      12       4 ]      0.171134   -0.000066137  0.9627    48600       1   29610800 |                                          -
       7   [      14       3 ]      0.171944   -0.000107072  0.9615  48600   [      12       4 ]      0.171134   -0.000066137  0.9627    48600       1   32827600 |              F
