
--------------------------------------------------------------------------------------------------------------------------------------------------------------------------------------------------|----------X_r-------------------------------
 Restart                             Suggested                                                                         Current                                                              Total |                                Feasibility/
     No.                              Solution                                                                            Best                                                               Work |                                  Optimality
       r                                   X_r            gk             fk    phat     mk                               Z_r-1             gk             fk     phat   mkprev              (w_r) |             g             f
--------------------------------------------------------------------------------------------------------------------------------------------------------------------------------------------------|----------X_r-------------------------------
       1                  NONE                                                                                                                                                               0 |                                          -
       1   [      19       0 ]      1.000000   -0.500000000  1.0000  81000                                                                                                 596400 |              F
       2   [      14       3 ]      0.173123   -0.000037508  0.9629  81000   [      19       0 ]      1.000000   -0.500000000  1.0000    81000       1    6349200 |              F
       3   [      14       3 ]      0.173123   -0.000037508  0.9629  81000   [      14       3 ]      0.173123   -0.000037508  0.9629    81000       1   12102000 |              F
       4   [      12       4 ]      0.172122   -0.000100806  0.9729  81000   [      14       3 ]      0.173123   -0.000037508  0.9629    81000       1   16670000 |              F
       5                  NONE                                                               [      12       4 ]      0.172122   -0.000100806  0.9729    81000       1   16670000 |                                          -
       5   [      11       5 ]      0.172987   -0.000015005  0.9617  81000   [      12       4 ]      0.172122   -0.000100806  0.9729    81000       1   22072800 |              F
       6                  NONE                                                               [      12       4 ]      0.172122   -0.000100806  0.9729    81000       1   22072800 |                                          -
       6   [      12       4 ]      0.172122   -0.000100806  0.9729  81000   [      12       4 ]      0.172122   -0.000100806  0.9729    81000       1   26532800 |              F
       7                  NONE                                                               [      12       4 ]      0.172122   -0.000100806  0.9729    81000       1   26532800 |                                          -
       7                  NONE                                                               [      12       4 ]      0.172122   -0.000100806  0.9729    81000       1   26532800 |                                          -
       7   [      11       5 ]      0.172987   -0.000015005  0.9617  81000   [      12       4 ]      0.172122   -0.000100806  0.9729    81000       1   31858400 |              F
