
--------------------------------------------------------------------------------------------------------------------------------------------------------------------------------------------------|----------X_r-------------------------------
 Restart                             Suggested                                                                         Current                                                              Total |                                Feasibility/
     No.                              Solution                                                                            Best                                                               Work |                                  Optimality
       r                                   X_r            gk             fk    phat     mk                               Z_r-1             gk             fk     phat   mkprev              (w_r) |             g             f
--------------------------------------------------------------------------------------------------------------------------------------------------------------------------------------------------|----------X_r-------------------------------
       1   [      14       3 ]      0.172594   -0.000124310  0.9572  27000                                                                                                3946000 |              F
       2                  NONE                                                               [      14       3 ]      0.172594   -0.000124310  0.9572    27000       1    3946000 |                                          -
       2                  NONE                                                               [      14       3 ]      0.172594   -0.000124310  0.9572    27000       1    3946000 |                                          -
       2                  NONE                                                               [      14       3 ]      0.172594   -0.000124310  0.9572    27000       1    3946000 |                                          -
       2                  NONE                                                               [      14       3 ]      0.172594   -0.000124310  0.9572    27000       1    3946000 |                                          -
       2                  NONE                                                               [      14       3 ]      0.172594   -0.000124310  0.9572    27000       1    3946000 |                                          -
       2                  NONE                                                               [      14       3 ]      0.172594   -0.000124310  0.9572    27000       1    3946000 |                                          -
       2                  NONE                                                               [      14       3 ]      0.172594   -0.000124310  0.9572    27000       1    3946000 |                                          -
       2   [      14       3 ]      0.172594   -0.000124310  0.9572  27000   [      14       3 ]      0.172594   -0.000124310  0.9572    27000       1    8109200 |              F
       3                  NONE                                                               [      14       3 ]      0.172594   -0.000124310  0.9572    27000       1    8109200 |                                          -
       3                  NONE                                                               [      14       3 ]      0.172594   -0.000124310  0.9572    27000       1    8109200 |                                          -
       3   [      12       4 ]      0.171921   -0.000229178  0.9677  27000   [      14       3 ]      0.172594   -0.000124310  0.9572    27000       1   10908400 |              F
       4   [      14       3 ]      0.172594   -0.000124310  0.9572  27000   [      12       4 ]      0.171921   -0.000229178  0.9677    27000       1   15001600 |              F
       5   [      11       5 ]      0.173191   -0.000193150  0.9585  27000   [      12       4 ]      0.171921   -0.000229178  0.9677    27000       1   18600400 |              F
       6                  NONE                                                               [      12       4 ]      0.171921   -0.000229178  0.9677    27000       1   18600400 |                                          -
       6                  NONE                                                               [      12       4 ]      0.171921   -0.000229178  0.9677    27000       1   18600400 |                                          -
       6   [      11       5 ]      0.173191   -0.000193150  0.9585  27000   [      12       4 ]      0.171921   -0.000229178  0.9677    27000       1   22199200 |              F
       7                  NONE                                                               [      12       4 ]      0.171921   -0.000229178  0.9677    27000       1   22199200 |                                          -
       7   [      14       3 ]      0.172594   -0.000124310  0.9572  27000   [      12       4 ]      0.171921   -0.000229178  0.9677    27000       1   26211200 |              F
       8                  NONE                                                               [      12       4 ]      0.171921   -0.000229178  0.9677    27000       1   26211200 |                                          -
       8   [      14       3 ]      0.172594   -0.000124310  0.9572  27000   [      12       4 ]      0.171921   -0.000229178  0.9677    27000       1   30289200 |              F
