
--------------------------------------------------------------------------------------------------------------------------------------------------------------------------------------------------|----------X_r-------------------------------
 Restart                             Suggested                                                                         Current                                                              Total |                                Feasibility/
     No.                              Solution                                                                            Best                                                               Work |                                  Optimality
       r                                   X_r            gk             fk    phat     mk                               Z_r-1             gk             fk     phat   mkprev              (w_r) |             g             f
--------------------------------------------------------------------------------------------------------------------------------------------------------------------------------------------------|----------X_r-------------------------------
       1   [      14       3 ]      0.172594   -0.000124310  0.9572  27000                                                                                                3982000 |              F
       2                  NONE                                                               [      14       3 ]      0.172594   -0.000124310  0.9572    27000       1    3982000 |                                          -
       2                  NONE                                                               [      14       3 ]      0.172594   -0.000124310  0.9572    27000       1    3982000 |                                          -
       2                  NONE                                                               [      14       3 ]      0.172594   -0.000124310  0.9572    27000       1    3982000 |                                          -
       2   [      14       3 ]      0.172594   -0.000124310  0.9572  27000   [      14       3 ]      0.172594   -0.000124310  0.9572    27000       1    7964000 |              F
       3   [      14       3 ]      0.172594   -0.000124310  0.9572  27000   [      14       3 ]      0.172594   -0.000124310  0.9572    27000       1   11954400 |              F
       4                  NONE                                                               [      14       3 ]      0.172594   -0.000124310  0.9572    27000       1   11954400 |                                          -
       4   [      14       3 ]      0.172594   -0.000124310  0.9572  27000   [      14       3 ]      0.172594   -0.000124310  0.9572    27000       1   16023600 |              F
       5                  NONE                                                               [      14       3 ]      0.172594   -0.000124310  0.9572    27000       1   16023600 |                                          -
       5   [      14       3 ]      0.172594   -0.000124310  0.9572  27000   [      14       3 ]      0.172594   -0.000124310  0.9572    27000       1   20035600 |              F
       6                  NONE                                                               [      14       3 ]      0.172594   -0.000124310  0.9572    27000       1   20035600 |                                          -
       6                  NONE                                                               [      14       3 ]      0.172594   -0.000124310  0.9572    27000       1   20035600 |                                          -
       6                  NONE                                                               [      14       3 ]      0.172594   -0.000124310  0.9572    27000       1   20035600 |                                          -
       6   [      14       3 ]      0.172594   -0.000124310  0.9572  27000   [      14       3 ]      0.172594   -0.000124310  0.9572    27000       1   24069200 |              F
       7                  NONE                                                               [      14       3 ]      0.172594   -0.000124310  0.9572    27000       1   24069200 |                                          -
       7   [      14       3 ]      0.172594   -0.000124310  0.9572  27000   [      14       3 ]      0.172594   -0.000124310  0.9572    27000       1   28028400 |              F
       8                  NONE                                                               [      14       3 ]      0.172594   -0.000124310  0.9572    27000       1   28028400 |                                          -
       8   [      14       3 ]      0.172594   -0.000124310  0.9572  27000   [      14       3 ]      0.172594   -0.000124310  0.9572    27000       1   32097600 |              F
