
--------------------------------------------------------------------------------------------------------------------------------------------------------------------------------------------------|----------X_r-------------------------------
 Restart                             Suggested                                                                         Current                                                              Total |                                Feasibility/
     No.                              Solution                                                                            Best                                                               Work |                                  Optimality
       r                                   X_r            gk             fk    phat     mk                               Z_r-1             gk             fk     phat   mkprev              (w_r) |             g             f
--------------------------------------------------------------------------------------------------------------------------------------------------------------------------------------------------|----------X_r-------------------------------
       1   [      19       0 ]      1.000000   -0.500000000  1.0000  81000                                                                                                 596400 |              F
       2   [      14       3 ]      0.173123   -0.000037508  0.9629  81000   [      19       0 ]      1.000000   -0.500000000  1.0000    81000       1    6313600 |              F
       3   [      19       0 ]      1.000000   -0.500000000  1.0000  81000   [      14       3 ]      0.173123   -0.000037508  0.9629    81000       1    6910000 |              F
       4                  NONE                                                               [      14       3 ]      0.173123   -0.000037508  0.9629    81000       1    6910000 |                                          -
       4   [      19       0 ]      1.000000   -0.500000000  1.0000  81000   [      14       3 ]      0.173123   -0.000037508  0.9629    81000       1    7506400 |              F
       5   [      14       3 ]      0.173123   -0.000037508  0.9629  81000   [      14       3 ]      0.173123   -0.000037508  0.9629    81000       1   13157600 |              F
       6   [      14       3 ]      0.173123   -0.000037508  0.9629  81000   [      14       3 ]      0.173123   -0.000037508  0.9629    81000       1   18957200 |              F
       7                  NONE                                                               [      14       3 ]      0.173123   -0.000037508  0.9629    81000       1   18957200 |                                          -
       7   [      14       3 ]      0.173123   -0.000037508  0.9629  81000   [      14       3 ]      0.173123   -0.000037508  0.9629    81000       1   24644400 |              F
       8   [      12       4 ]      0.172122   -0.000100806  0.9729  81000   [      14       3 ]      0.173123   -0.000037508  0.9629    81000       1   29104400 |              F
       9                  NONE                                                               [      12       4 ]      0.172122   -0.000100806  0.9729    81000       1   29104400 |                                          -
       9                  NONE                                                               [      12       4 ]      0.172122   -0.000100806  0.9729    81000       1   29104400 |                                          -
       9                  NONE                                                               [      12       4 ]      0.172122   -0.000100806  0.9729    81000       1   29104400 |                                          -
       9   [      14       3 ]      0.173123   -0.000037508  0.9629  81000   [      12       4 ]      0.172122   -0.000100806  0.9729    81000       1   34755600 |              F
