
--------------------------------------------------------------------------------------------------------------------------------------------------------------------------------------------------|----------X_r-------------------------------
 Restart                             Suggested                                                                         Current                                                              Total |                                Feasibility/
     No.                              Solution                                                                            Best                                                               Work |                                  Optimality
       r                                   X_r            gk             fk    phat     mk                               Z_r-1             gk             fk     phat   mkprev              (w_r) |             g             f
--------------------------------------------------------------------------------------------------------------------------------------------------------------------------------------------------|----------X_r-------------------------------
       1   [      14       3 ]      0.172594   -0.000124310  0.9572  27000                                                                                                4093200 |              F
       2   [      11       5 ]      0.173191   -0.000193150  0.9585  27000   [      14       3 ]      0.172594   -0.000124310  0.9572    27000       1    7713600 |              F
       3                  NONE                                                               [      14       3 ]      0.172594   -0.000124310  0.9572    27000       1    7713600 |                                          -
       3   [      14       3 ]      0.172594   -0.000124310  0.9572  27000   [      14       3 ]      0.172594   -0.000124310  0.9572    27000       1   11810400 |              F
       4                  NONE                                                               [      14       3 ]      0.172594   -0.000124310  0.9572    27000       1   11810400 |                                          -
       4                  NONE                                                               [      14       3 ]      0.172594   -0.000124310  0.9572    27000       1   11810400 |                                          -
       4                  NONE                                                               [      14       3 ]      0.172594   -0.000124310  0.9572    27000       1   11810400 |                                          -
       4                  NONE                                                               [      14       3 ]      0.172594   -0.000124310  0.9572    27000       1   11810400 |                                          -
       4                  NONE                                                               [      14       3 ]      0.172594   -0.000124310  0.9572    27000       1   11810400 |                                          -
       4   [      12       4 ]      0.171921   -0.000229178  0.9677  27000   [      14       3 ]      0.172594   -0.000124310  0.9572    27000       1   14565200 |              F
       5   [      14       3 ]      0.172594   -0.000124310  0.9572  27000   [      12       4 ]      0.171921   -0.000229178  0.9677    27000       1   18643200 |              F
       6                  NONE                                                               [      12       4 ]      0.171921   -0.000229178  0.9677    27000       1   18643200 |                                          -
       6                  NONE                                                               [      12       4 ]      0.171921   -0.000229178  0.9677    27000       1   18643200 |                                          -
       6                  NONE                                                               [      12       4 ]      0.171921   -0.000229178  0.9677    27000       1   18643200 |                                          -
       6                  NONE                                                               [      12       4 ]      0.171921   -0.000229178  0.9677    27000       1   18643200 |                                          -
       6                  NONE                                                               [      12       4 ]      0.171921   -0.000229178  0.9677    27000       1   18643200 |                                          -
       6                  NONE                                                               [      12       4 ]      0.171921   -0.000229178  0.9677    27000       1   18643200 |                                          -
       6   [      14       3 ]      0.172594   -0.000124310  0.9572  27000   [      12       4 ]      0.171921   -0.000229178  0.9677    27000       1   22602400 |              F
       7                  NONE                                                               [      12       4 ]      0.171921   -0.000229178  0.9677    27000       1   22602400 |                                          -
       7                  NONE                                                               [      12       4 ]      0.171921   -0.000229178  0.9677    27000       1   22602400 |                                          -
       7                  NONE                                                               [      12       4 ]      0.171921   -0.000229178  0.9677    27000       1   22602400 |                                          -
       7                  NONE                                                               [      12       4 ]      0.171921   -0.000229178  0.9677    27000       1   22602400 |                                          -
       7                  NONE                                                               [      12       4 ]      0.171921   -0.000229178  0.9677    27000       1   22602400 |                                          -
       7                  NONE                                                               [      12       4 ]      0.171921   -0.000229178  0.9677    27000       1   22602400 |                                          -
       7   [      11       5 ]      0.173191   -0.000193150  0.9585  27000   [      12       4 ]      0.171921   -0.000229178  0.9677    27000       1   26201200 |              F
       8   [      14       3 ]      0.172594   -0.000124310  0.9572  27000   [      12       4 ]      0.171921   -0.000229178  0.9677    27000       1   30270400 |              F
