
--------------------------------------------------------------------------------------------------------------------------------------------------------------------------------------------------|----------X_r-------------------------------
 Restart                             Suggested                                                                         Current                                                              Total |                                Feasibility/
     No.                              Solution                                                                            Best                                                               Work |                                  Optimality
       r                                   X_r            gk             fk    phat     mk                               Z_r-1             gk             fk     phat   mkprev              (w_r) |             g             f
--------------------------------------------------------------------------------------------------------------------------------------------------------------------------------------------------|----------X_r-------------------------------
       1   [      14       3 ]      0.172594   -0.000124310  0.9572  27000                                                                                                4094400 |              F
       2   [      14       3 ]      0.172594   -0.000124310  0.9572  27000   [      14       3 ]      0.172594   -0.000124310  0.9572    27000       1    8172400 |              F
       3                  NONE                                                               [      14       3 ]      0.172594   -0.000124310  0.9572    27000       1    8172400 |                                          -
       3                  NONE                                                               [      14       3 ]      0.172594   -0.000124310  0.9572    27000       1    8172400 |                                          -
       3                  NONE                                                               [      14       3 ]      0.172594   -0.000124310  0.9572    27000       1    8172400 |                                          -
       3                  NONE                                                               [      14       3 ]      0.172594   -0.000124310  0.9572    27000       1    8172400 |                                          -
       3                  NONE                                                               [      14       3 ]      0.172594   -0.000124310  0.9572    27000       1    8172400 |                                          -
       3   [      19       0 ]      1.000000   -0.500000000  1.0000  81000   [      14       3 ]      0.173123   -0.000037508  0.9629    81000       1   10474000 |              F
       4   [      14       3 ]      0.173123   -0.000037508  0.9629  81000   [      14       3 ]      0.173123   -0.000037508  0.9629    81000       1   16273600 |              F
       5   [      14       3 ]      0.173123   -0.000037508  0.9629  81000   [      14       3 ]      0.173123   -0.000037508  0.9629    81000       1   21990800 |              F
       6                  NONE                                                               [      14       3 ]      0.173123   -0.000037508  0.9629    81000       1   21990800 |                                          -
       6   [      12       4 ]      0.172122   -0.000100806  0.9729  81000   [      14       3 ]      0.173123   -0.000037508  0.9629    81000       1   26495200 |              F
       7   [      14       3 ]      0.173123   -0.000037508  0.9629  81000   [      12       4 ]      0.172122   -0.000100806  0.9729    81000       1   32293600 |              F
