
--------------------------------------------------------------------------------------------------------------------------------------------------------------------------------------------------|----------X_r-------------------------------
 Restart                             Suggested                                                                         Current                                                              Total |                                Feasibility/
     No.                              Solution                                                                            Best                                                               Work |                                  Optimality
       r                                   X_r            gk             fk    phat     mk                               Z_r-1             gk             fk     phat   mkprev              (w_r) |             g             f
--------------------------------------------------------------------------------------------------------------------------------------------------------------------------------------------------|----------X_r-------------------------------
       1   [      14       3 ]      0.172594   -0.000124310  0.9572  27000                                                                                                4093200 |              F
       2                  NONE                                                               [      14       3 ]      0.172594   -0.000124310  0.9572    27000       1    4093200 |                                          -
       2   [      12       4 ]      0.171921   -0.000229178  0.9677  27000   [      14       3 ]      0.172594   -0.000124310  0.9572    27000       1    6956000 |              F
       3                  NONE                                                               [      12       4 ]      0.171921   -0.000229178  0.9677    27000       1    6956000 |                                          -
       3                  NONE                                                               [      12       4 ]      0.171921   -0.000229178  0.9677    27000       1    6956000 |                                          -
       3                  NONE                                                               [      12       4 ]      0.171921   -0.000229178  0.9677    27000       1    6956000 |                                          -
       3   [      14       3 ]      0.172594   -0.000124310  0.9572  27000   [      12       4 ]      0.171921   -0.000229178  0.9677    27000       1   11034000 |              F
       4                  NONE                                                               [      12       4 ]      0.171921   -0.000229178  0.9677    27000       1   11034000 |                                          -
       4   [      12       4 ]      0.171921   -0.000229178  0.9677  27000   [      12       4 ]      0.171921   -0.000229178  0.9677    27000       1   13833200 |              F
       5                  NONE                                                               [      12       4 ]      0.171921   -0.000229178  0.9677    27000       1   13833200 |                                          -
       5   [      14       3 ]      0.172594   -0.000124310  0.9572  27000   [      12       4 ]      0.171921   -0.000229178  0.9677    27000       1   17926400 |              F
       6   [      12       4 ]      0.171921   -0.000229178  0.9677  27000   [      12       4 ]      0.171921   -0.000229178  0.9677    27000       1   20725600 |              F
       7                  NONE                                                               [      12       4 ]      0.171921   -0.000229178  0.9677    27000       1   20725600 |                                          -
       7   [      11       5 ]      0.173191   -0.000193150  0.9585  27000   [      12       4 ]      0.171921   -0.000229178  0.9677    27000       1   24423200 |              F
       8   [      14       3 ]      0.172594   -0.000124310  0.9572  27000   [      12       4 ]      0.171921   -0.000229178  0.9677    27000       1   28520000 |              F
       9   [      11       5 ]      0.173191   -0.000193150  0.9585  27000   [      12       4 ]      0.171921   -0.000229178  0.9677    27000       1   32118800 |              F
