
--------------------------------------------------------------------------------------------------------------------------------------------------------------------------------------------------|----------X_r-------------------------------
 Restart                             Suggested                                                                         Current                                                              Total |                                Feasibility/
     No.                              Solution                                                                            Best                                                               Work |                                  Optimality
       r                                   X_r            gk             fk    phat     mk                               Z_r-1             gk             fk     phat   mkprev              (w_r) |             g             f
--------------------------------------------------------------------------------------------------------------------------------------------------------------------------------------------------|----------X_r-------------------------------
       1                  NONE                                                                                                                                                               0 |                                          -
       1   [      14       3 ]      0.172594   -0.000124310  0.9572  27000                                                                                                4071600 |              F
       2   [      12       4 ]      0.171921   -0.000229178  0.9677  27000   [      14       3 ]      0.172594   -0.000124310  0.9572    27000       1    6869600 |              F
       3   [      14       3 ]      0.172594   -0.000124310  0.9572  27000   [      12       4 ]      0.171921   -0.000229178  0.9677    27000       1   10881600 |              F
       4   [      14       3 ]      0.172594   -0.000124310  0.9572  27000   [      12       4 ]      0.171921   -0.000229178  0.9677    27000       1   14974800 |              F
       5   [      14       3 ]      0.172594   -0.000124310  0.9572  27000   [      12       4 ]      0.171921   -0.000229178  0.9677    27000       1   19032400 |              F
       6                  NONE                                                               [      12       4 ]      0.171921   -0.000229178  0.9677    27000       1   19032400 |                                          -
       6   [      14       3 ]      0.172594   -0.000124310  0.9572  27000   [      12       4 ]      0.171921   -0.000229178  0.9677    27000       1   23044400 |              F
       7                  NONE                                                               [      12       4 ]      0.171921   -0.000229178  0.9677    27000       1   23044400 |                                          -
       7                  NONE                                                               [      12       4 ]      0.171921   -0.000229178  0.9677    27000       1   23044400 |                                          -
       7   [      14       3 ]      0.172594   -0.000124310  0.9572  27000   [      12       4 ]      0.171921   -0.000229178  0.9677    27000       1   27141200 |              F
       8                  NONE                                                               [      12       4 ]      0.171921   -0.000229178  0.9677    27000       1   27141200 |                                          -
       8                  NONE                                                               [      12       4 ]      0.171921   -0.000229178  0.9677    27000       1   27141200 |                                          -
       8   [      14       3 ]      0.172594   -0.000124310  0.9572  27000   [      12       4 ]      0.171921   -0.000229178  0.9677    27000       1   31262400 |              F
