
--------------------------------------------------------------------------------------------------------------------------------------------------------------------------------------------------|----------X_r-------------------------------
 Restart                             Suggested                                                                         Current                                                              Total |                                Feasibility/
     No.                              Solution                                                                            Best                                                               Work |                                  Optimality
       r                                   X_r            gk             fk    phat     mk                               Z_r-1             gk             fk     phat   mkprev              (w_r) |             g             f
--------------------------------------------------------------------------------------------------------------------------------------------------------------------------------------------------|----------X_r-------------------------------
       1                  NONE                                                                                                                                                               0 |                                          -
       1   [      14       3 ]      0.172594   -0.000124310  0.9572  27000                                                                                                4093200 |              F
       2                  NONE                                                               [      14       3 ]      0.172594   -0.000124310  0.9572    27000       1    4093200 |                                          -
       2   [      14       3 ]      0.172594   -0.000124310  0.9572  27000   [      14       3 ]      0.172594   -0.000124310  0.9572    27000       1    8162400 |              F
       3   [      14       3 ]      0.172594   -0.000124310  0.9572  27000   [      14       3 ]      0.172594   -0.000124310  0.9572    27000       1   12130000 |              F
       4   [      19       0 ]      1.000000   -0.500000000  1.0000  81000   [      14       3 ]      0.173123   -0.000037508  0.9629    81000       1   14431600 |              F
       5   [      12       4 ]      0.172122   -0.000100806  0.9729  81000   [      14       3 ]      0.173123   -0.000037508  0.9629    81000       1   18891600 |              F
       6                  NONE                                                               [      12       4 ]      0.172122   -0.000100806  0.9729    81000       1   18891600 |                                          -
       6   [      14       3 ]      0.173123   -0.000037508  0.9629  81000   [      12       4 ]      0.172122   -0.000100806  0.9729    81000       1   24587200 |              F
       7   [      11       5 ]      0.172987   -0.000015005  0.9617  81000   [      12       4 ]      0.172122   -0.000100806  0.9729    81000       1   29990000 |              F
       8   [      14       3 ]      0.173123   -0.000037508  0.9629  81000   [      12       4 ]      0.172122   -0.000100806  0.9729    81000       1   35788400 |              F
