
--------------------------------------------------------------------------------------------------------------------------------------------------------------------------------------------------|----------X_r-------------------------------
 Restart                             Suggested                                                                         Current                                                              Total |                                Feasibility/
     No.                              Solution                                                                            Best                                                               Work |                                  Optimality
       r                                   X_r            gk             fk    phat     mk                               Z_r-1             gk             fk     phat   mkprev              (w_r) |             g             f
--------------------------------------------------------------------------------------------------------------------------------------------------------------------------------------------------|----------X_r-------------------------------
       1   [       5      19 ]      0.013402   -0.000110116  0.9530  27000                                                                                                1408000 |              F
       2   [      52       1 ]      0.582940   -0.005951741  0.9524  27000   [       5      19 ]      0.013402   -0.000110116  0.9530    27000       1    2668000 |              F
       3   [      44       4 ]      0.280724   -0.000635860  0.9521  27000   [       5      19 ]      0.013402   -0.000110116  0.9530    27000       1    3698000 |              F
       4   [      31       8 ]      0.133307   -0.000144140  0.9521  27000   [       5      19 ]      0.013402   -0.000110116  0.9530    27000       1    5296000 |              F
       5   [      38       6 ]      0.191215   -0.128760992  0.9710  27000   [       5      19 ]      0.013402   -0.000110116  0.9530    27000       1    6856000 |              F
       6   [      22      11 ]      0.066054   -0.000460453  0.9523  27000   [       5      19 ]      0.013402   -0.000110116  0.9530    27000       1    8134000 |              F
       7   [      52       1 ]      0.582940   -0.005951741  0.9524  27000   [       5      19 ]      0.013402   -0.000110116  0.9530    27000       1    9400000 |              F
       8   [       3      20 ]      0.013142   -0.000817654  0.9607  27000   [       5      19 ]      0.013402   -0.000110116  0.9530    27000       1   10712000 |              F
       9   [      13      15 ]      0.023411   -0.000035306  0.9522  27000   [       3      20 ]      0.013142   -0.000817654  0.9607    27000       1   11830000 |              F
      10   [      35       7 ]      0.161653   -0.007331994  0.9532  27000   [       3      20 ]      0.013142   -0.000817654  0.9607    27000       1   13018000 |              F
      11   [      52       1 ]      0.582940   -0.005951741  0.9524  27000   [       3      20 ]      0.013142   -0.000817654  0.9607    27000       1   14288000 |              F
      12   [      38       6 ]      0.191215   -0.128760992  0.9710  27000   [       3      20 ]      0.013142   -0.000817654  0.9607    27000       1   15382000 |              F
      13   [      44       4 ]      0.280724   -0.000635860  0.9521  27000   [       3      20 ]      0.013142   -0.000817654  0.9607    27000       1   16480000 |              F
      14   [      13      15 ]      0.023411   -0.000035306  0.9522  27000   [       3      20 ]      0.013142   -0.000817654  0.9607    27000       1   17678000 |              F
      15   [      13      15 ]      0.023411   -0.000035306  0.9522  27000   [       3      20 ]      0.013142   -0.000817654  0.9607    27000       1   18822000 |              F
      16   [      52       1 ]      0.582940   -0.005951741  0.9524  27000   [       3      20 ]      0.013142   -0.000817654  0.9607    27000       1   20088000 |              F
      17   [      52       1 ]      0.582940   -0.005951741  0.9524  27000   [       3      20 ]      0.013142   -0.000817654  0.9607    27000       1   21358000 |              F
      18   [       5      19 ]      0.013402   -0.000110116  0.9530  27000   [       3      20 ]      0.013142   -0.000817654  0.9607    27000       1   22794000 |              F
      19   [      22      11 ]      0.066054   -0.000460453  0.9523  27000   [       3      20 ]      0.013142   -0.000817654  0.9607    27000       1   24200000 |              F
      20   [      31       8 ]      0.133307   -0.000144140  0.9521  27000   [       3      20 ]      0.013142   -0.000817654  0.9607    27000       1   25792000 |              F
      21   [      13      15 ]      0.023411   -0.000035306  0.9522  27000   [       3      20 ]      0.013142   -0.000817654  0.9607    27000       1   27210000 |              F
      22   [      44       4 ]      0.280724   -0.000635860  0.9521  27000   [       3      20 ]      0.013142   -0.000817654  0.9607    27000       1   28574000 |              F
      23   [       3      20 ]      0.013142   -0.000817654  0.9607  27000   [       3      20 ]      0.013142   -0.000817654  0.9607    27000       1   29886000 |              F
      24   [      22      11 ]      0.066054   -0.000460453  0.9523  27000   [       3      20 ]      0.013142   -0.000817654  0.9607    27000       1   31576000 |              F
      25   [      38       6 ]      0.191215   -0.128760992  0.9710  27000   [       3      20 ]      0.013142   -0.000817654  0.9607    27000       1   33292000 |              F
      26   [      13      15 ]      0.023411   -0.000035306  0.9522  27000   [       3      20 ]      0.013142   -0.000817654  0.9607    27000       1   34490000 |              F
      27   [      22      11 ]      0.066054   -0.000460453  0.9523  27000   [       3      20 ]      0.013142   -0.000817654  0.9607    27000       1   35834000 |              F
      28   [      31       8 ]      0.133307   -0.000144140  0.9521  27000   [       3      20 ]      0.013142   -0.000817654  0.9607    27000       1   37456000 |              F
      29   [      31       8 ]      0.133307   -0.000144140  0.9521  27000   [       3      20 ]      0.013142   -0.000817654  0.9607    27000       1   39116000 |              F
      30   [      22      11 ]      0.066054   -0.000460453  0.9523  27000   [       3      20 ]      0.013142   -0.000817654  0.9607    27000       1   40680000 |              F
      31   [       3      20 ]      0.013142   -0.000817654  0.9607  27000   [       3      20 ]      0.013142   -0.000817654  0.9607    27000       1   41992000 |              F
      32   [      13      15 ]      0.023411   -0.000035306  0.9522  27000   [       3      20 ]      0.013142   -0.000817654  0.9607    27000       1   43222000 |              F
      33   [      35       7 ]      0.161653   -0.007331994  0.9532  27000   [       3      20 ]      0.013142   -0.000817654  0.9607    27000       1   44410000 |              F
      34   [      44       4 ]      0.280724   -0.000635860  0.9521  27000   [       3      20 ]      0.013142   -0.000817654  0.9607    27000       1   45712000 |              F
      35   [       5      19 ]      0.013402   -0.000110116  0.9530  27000   [       3      20 ]      0.013142   -0.000817654  0.9607    27000       1   47118000 |              F
      36   [      31       8 ]      0.133307   -0.000144140  0.9521  27000   [       3      20 ]      0.013142   -0.000817654  0.9607    27000       1   48716000 |              F
      37   [       9      17 ]      0.016052   -0.000952071  0.9556  27000   [       3      20 ]      0.013142   -0.000817654  0.9607    27000       1   50278000 |              F
