
--------------------------------------------------------------------------------------------------------------------------------------------------------------------------------------------------|----------X_r-------------------------------
 Restart                             Suggested                                                                         Current                                                              Total |                                Feasibility/
     No.                              Solution                                                                            Best                                                               Work |                                  Optimality
       r                                   X_r            gk             fk    phat     mk                               Z_r-1             gk             fk     phat   mkprev              (w_r) |             g             f
--------------------------------------------------------------------------------------------------------------------------------------------------------------------------------------------------|----------X_r-------------------------------
       1   [      14       3 ]      0.171944   -0.000107072  0.9615  48600                                                                                                7796000 |              F
       2   [      14       3 ]      0.171944   -0.000107072  0.9615  48600   [      14       3 ]      0.171944   -0.000107072  0.9615    48600       1   11012800 |              F
       3                  NONE                                                               [      14       3 ]      0.171944   -0.000107072  0.9615    48600       1   11012800 |                                          -
       3   [      12       4 ]      0.171134   -0.000066137  0.9627  48600   [      14       3 ]      0.171944   -0.000107072  0.9615    48600       1   16125200 |              F
       4                  NONE                                                               [      12       4 ]      0.171134   -0.000066137  0.9627    48600       1   16125200 |                                          -
       4   [      14       3 ]      0.171944   -0.000107072  0.9615  48600   [      12       4 ]      0.171134   -0.000066137  0.9627    48600       1   19348000 |              F
       5                  NONE                                                               [      12       4 ]      0.171134   -0.000066137  0.9627    48600       1   19348000 |                                          -
       5   [      12       4 ]      0.171134   -0.000066137  0.9627  48600   [      12       4 ]      0.171134   -0.000066137  0.9627    48600       1   24634000 |              F
       6                  NONE                                                               [      12       4 ]      0.171134   -0.000066137  0.9627    48600       1   24634000 |                                          -
       6                  NONE                                                               [      12       4 ]      0.171134   -0.000066137  0.9627    48600       1   24634000 |                                          -
       6   [      12       4 ]      0.171134   -0.000066137  0.9627  48600   [      12       4 ]      0.171134   -0.000066137  0.9627    48600       1   29920000 |              F
       7   [      12       4 ]      0.171134   -0.000066137  0.9627  48600   [      12       4 ]      0.171134   -0.000066137  0.9627    48600       1   34936400 |              F
