
--------------------------------------------------------------------------------------------------------------------------------------------------------------------------------------------------|----------X_r-------------------------------
 Restart                             Suggested                                                                         Current                                                              Total |                                Feasibility/
     No.                              Solution                                                                            Best                                                               Work |                                  Optimality
       r                                   X_r            gk             fk    phat     mk                               Z_r-1             gk             fk     phat   mkprev              (w_r) |             g             f
--------------------------------------------------------------------------------------------------------------------------------------------------------------------------------------------------|----------X_r-------------------------------
       1                  NONE                                                                                                                                                               0 |                                          -
       1   [      14       3 ]      0.171942   -0.000107888  0.9526  16200                                                                                                2176400 |              F
       2   [      12       4 ]      0.171323   -0.000420609  0.9703  16200   [      14       3 ]      0.171942   -0.000107888  0.9526    16200       1    4090000 |              F
       3   [      12       4 ]      0.171323   -0.000420609  0.9703  16200   [      12       4 ]      0.171323   -0.000420609  0.9703    16200       1    5924400 |              F
       4   [      16       1 ]      0.208856   -0.000130555  0.9480  16200   [      12       4 ]      0.171323   -0.000420609  0.9703    16200       1    7123600 |              F
       5                  NONE                                                               [      12       4 ]      0.171323   -0.000420609  0.9703    16200       1    7123600 |                                          -
       5                  NONE                                                               [      12       4 ]      0.171323   -0.000420609  0.9703    16200       1    7123600 |                                          -
       5                  NONE                                                               [      12       4 ]      0.171323   -0.000420609  0.9703    16200       1    7123600 |                                          -
       5   [      12       4 ]      0.171323   -0.000420609  0.9703  16200   [      12       4 ]      0.171323   -0.000420609  0.9703    16200       1    8938800 |              F
       6   [      12       4 ]      0.171323   -0.000420609  0.9703  16200   [      12       4 ]      0.171323   -0.000420609  0.9703    16200       1   10960000 |              F
       7                  NONE                                                               [      12       4 ]      0.171323   -0.000420609  0.9703    16200       1   10960000 |                                          -
       7                  NONE                                                               [      12       4 ]      0.171323   -0.000420609  0.9703    16200       1   10960000 |                                          -
       7   [      16       1 ]      0.208856   -0.000130555  0.9480  16200   [      12       4 ]      0.171323   -0.000420609  0.9703    16200       1   12162800 |              F
       8                  NONE                                                               [      12       4 ]      0.171323   -0.000420609  0.9703    16200       1   12162800 |                                          -
       8   [      12       4 ]      0.171323   -0.000420609  0.9703  16200   [      12       4 ]      0.171323   -0.000420609  0.9703    16200       1   14184000 |              F
       9                  NONE                                                               [      12       4 ]      0.171323   -0.000420609  0.9703    16200       1   14184000 |                                          -
       9   [      12       4 ]      0.171323   -0.000420609  0.9703  16200   [      12       4 ]      0.171323   -0.000420609  0.9703    16200       1   16119200 |              F
      10   [      12       4 ]      0.171323   -0.000420609  0.9703  16200   [      12       4 ]      0.171323   -0.000420609  0.9703    16200       1   17994400 |              F
      11   [      12       4 ]      0.171323   -0.000420609  0.9703  16200   [      12       4 ]      0.171323   -0.000420609  0.9703    16200       1   19951200 |              F
      12   [      16       1 ]      0.208856   -0.000130555  0.9480  16200   [      12       4 ]      0.171323   -0.000420609  0.9703    16200       1   21151600 |              F
      13                  NONE                                                               [      12       4 ]      0.171323   -0.000420609  0.9703    16200       1   21151600 |                                          -
      13   [      19       0 ]      1.000000   -0.500000000  1.0000  16200   [      12       4 ]      0.171323   -0.000420609  0.9703    16200       1   21288400 |              F
      14   [      19       0 ]      1.000000   -0.500000000  1.0000  16200   [      12       4 ]      0.171323   -0.000420609  0.9703    16200       1   21425200 |              F
      15   [      12       4 ]      0.171323   -0.000420609  0.9703  16200   [      12       4 ]      0.171323   -0.000420609  0.9703    16200       1   23290800 |              F
      16                  NONE                                                               [      12       4 ]      0.171323   -0.000420609  0.9703    16200       1   23290800 |                                          -
      16   [      12       4 ]      0.171323   -0.000420609  0.9703  16200   [      12       4 ]      0.171323   -0.000420609  0.9703    16200       1   25158800 |              F
      17   [      19       0 ]      1.000000   -0.500000000  1.0000  16200   [      12       4 ]      0.171323   -0.000420609  0.9703    16200       1   25295600 |              F
      18   [      14       3 ]      0.171942   -0.000107888  0.9526  16200   [      12       4 ]      0.171323   -0.000420609  0.9703    16200       1   27476800 |              F
      19                  NONE                                                               [      12       4 ]      0.171323   -0.000420609  0.9703    16200       1   27476800 |                                          -
      19                  NONE                                                               [      12       4 ]      0.171323   -0.000420609  0.9703    16200       1   27476800 |                                          -
      19                  NONE                                                               [      12       4 ]      0.171323   -0.000420609  0.9703    16200       1   27476800 |                                          -
      19                  NONE                                                               [      12       4 ]      0.171323   -0.000420609  0.9703    16200       1   27476800 |                                          -
      19   [      12       4 ]      0.171323   -0.000420609  0.9703  16200   [      12       4 ]      0.171323   -0.000420609  0.9703    16200       1   29311200 |              F
      20   [      12       4 ]      0.171323   -0.000420609  0.9703  16200   [      12       4 ]      0.171323   -0.000420609  0.9703    16200       1   31373200 |              F
