
--------------------------------------------------------------------------------------------------------------------------------------------------------------------------------------------------|----------X_r-------------------------------
 Restart                             Suggested                                                                         Current                                                              Total |                                Feasibility/
     No.                              Solution                                                                            Best                                                               Work |                                  Optimality
       r                                   X_r            gk             fk    phat     mk                               Z_r-1             gk             fk     phat   mkprev              (w_r) |             g             f
--------------------------------------------------------------------------------------------------------------------------------------------------------------------------------------------------|----------X_r-------------------------------
       1   [      16       1 ]      0.208856   -0.000130555  0.9480  16200                                                                                                1201600 |              F
       2   [      12       4 ]      0.171323   -0.000420609  0.9703  16200   [      16       1 ]      0.208856   -0.000130555  0.9480    16200       1    3056400 |              F
       3                  NONE                                                               [      12       4 ]      0.171323   -0.000420609  0.9703    16200       1    3056400 |                                          -
       3   [      16       1 ]      0.208856   -0.000130555  0.9480  16200   [      12       4 ]      0.171323   -0.000420609  0.9703    16200       1    4258000 |              F
       4                  NONE                                                               [      12       4 ]      0.171323   -0.000420609  0.9703    16200       1    4258000 |                                          -
       4   [      19       0 ]      1.000000   -0.500000000  1.0000  16200   [      12       4 ]      0.171323   -0.000420609  0.9703    16200       1    4394800 |              F
       5                  NONE                                                               [      12       4 ]      0.171323   -0.000420609  0.9703    16200       1    4394800 |                                          -
       5                  NONE                                                               [      12       4 ]      0.171323   -0.000420609  0.9703    16200       1    4394800 |                                          -
       5                  NONE                                                               [      12       4 ]      0.171323   -0.000420609  0.9703    16200       1    4394800 |                                          -
       5   [      12       4 ]      0.171323   -0.000420609  0.9703  16200   [      12       4 ]      0.171323   -0.000420609  0.9703    16200       1    6372000 |              F
       6                  NONE                                                               [      12       4 ]      0.171323   -0.000420609  0.9703    16200       1    6372000 |                                          -
       6   [      12       4 ]      0.171323   -0.000420609  0.9703  16200   [      12       4 ]      0.171323   -0.000420609  0.9703    16200       1    8187200 |              F
       7   [      19       0 ]      1.000000   -0.500000000  1.0000  16200   [      12       4 ]      0.171323   -0.000420609  0.9703    16200       1    8324000 |              F
       8   [      16       1 ]      0.208856   -0.000130555  0.9480  16200   [      12       4 ]      0.171323   -0.000420609  0.9703    16200       1    9524400 |              F
       9   [      12       4 ]      0.171323   -0.000420609  0.9703  16200   [      12       4 ]      0.171323   -0.000420609  0.9703    16200       1   11358800 |              F
      10                  NONE                                                               [      12       4 ]      0.171323   -0.000420609  0.9703    16200       1   11358800 |                                          -
      10   [      14       3 ]      0.171942   -0.000107888  0.9526  16200   [      12       4 ]      0.171323   -0.000420609  0.9703    16200       1   13540000 |              F
      11   [      12       4 ]      0.171323   -0.000420609  0.9703  16200   [      12       4 ]      0.171323   -0.000420609  0.9703    16200       1   15454800 |              F
      12   [      14       3 ]      0.171942   -0.000107888  0.9526  16200   [      12       4 ]      0.171323   -0.000420609  0.9703    16200       1   17631200 |              F
      13   [      16       1 ]      0.208856   -0.000130555  0.9480  16200   [      12       4 ]      0.171323   -0.000420609  0.9703    16200       1   18830400 |              F
      14   [      12       4 ]      0.171323   -0.000420609  0.9703  16200   [      12       4 ]      0.171323   -0.000420609  0.9703    16200       1   20664800 |              F
      15                  NONE                                                               [      12       4 ]      0.171323   -0.000420609  0.9703    16200       1   20664800 |                                          -
      15                  NONE                                                               [      12       4 ]      0.171323   -0.000420609  0.9703    16200       1   20664800 |                                          -
      15   [      12       4 ]      0.171323   -0.000420609  0.9703  16200   [      12       4 ]      0.171323   -0.000420609  0.9703    16200       1   22480000 |              F
      16                  NONE                                                               [      12       4 ]      0.171323   -0.000420609  0.9703    16200       1   22480000 |                                          -
      16   [      12       4 ]      0.171323   -0.000420609  0.9703  16200   [      12       4 ]      0.171323   -0.000420609  0.9703    16200       1   24307200 |              F
      17                  NONE                                                               [      12       4 ]      0.171323   -0.000420609  0.9703    16200       1   24307200 |                                          -
      17   [      16       1 ]      0.208856   -0.000130555  0.9480  16200   [      12       4 ]      0.171323   -0.000420609  0.9703    16200       1   25506400 |              F
      18   [      16       1 ]      0.208856   -0.000130555  0.9480  16200   [      12       4 ]      0.171323   -0.000420609  0.9703    16200       1   26708000 |              F
      19   [      14       3 ]      0.171942   -0.000107888  0.9526  16200   [      12       4 ]      0.171323   -0.000420609  0.9703    16200       1   28884400 |              F
      20   [      14       3 ]      0.171942   -0.000107888  0.9526  16200   [      12       4 ]      0.171323   -0.000420609  0.9703    16200       1   31060800 |              F
