
--------------------------------------------------------------------------------------------------------------------------------------------------------------------------------------------------|----------X_r-------------------------------
 Restart                             Suggested                                                                         Current                                                              Total |                                Feasibility/
     No.                              Solution                                                                            Best                                                               Work |                                  Optimality
       r                                   X_r            gk             fk    phat     mk                               Z_r-1             gk             fk     phat   mkprev              (w_r) |             g             f
--------------------------------------------------------------------------------------------------------------------------------------------------------------------------------------------------|----------X_r-------------------------------
       1   [      40       5 ]      0.215084   -0.074632371  0.9193    600                                                                                                 748800 |              F
       2   [      10      16 ]      0.013916   -0.002094178  0.9471   5400   [      40       5 ]      0.219042   -0.005195475  0.9383     5400       1    1269200 |              F
       3   [      15      14 ]      0.021848   -0.005316995  0.9450   5400   [      10      16 ]      0.013916   -0.002094178  0.9471     5400       1    2133600 |              F
       4   [       8      17 ]      0.016014   -0.002621229  0.9526  16200   [      10      16 ]      0.018344   -0.000255340  0.9481    16200       1    3231200 |              F
       5   [      12      15 ]      0.023137   -0.001529316  0.9491  16200   [       8      17 ]      0.016014   -0.002621229  0.9526    16200       1    3887400 |              F
       6   [       3      20 ]      0.013447   -0.000955402  0.9545  16200   [       8      17 ]      0.016014   -0.002621229  0.9526    16200       1    4868800 |              F
       7   [       8      17 ]      0.016014   -0.002621229  0.9526  16200   [       3      20 ]      0.013447   -0.000955402  0.9545    16200       1    5948000 |              F
       8   [       3      20 ]      0.013447   -0.000955402  0.9545  16200   [       3      20 ]      0.013447   -0.000955402  0.9545    16200       1    6931600 |              F
       9   [      40       5 ]      0.229571   -0.141061657  0.9606  16200   [       3      20 ]      0.013447   -0.000955402  0.9545    16200       1    7501800 |              F
      10   [       3      20 ]      0.013447   -0.000955402  0.9545  16200   [       3      20 ]      0.013447   -0.000955402  0.9545    16200       1    8487600 |              F
      11   [      49       2 ]      0.430028   -0.006279034  0.9489  16200   [       3      20 ]      0.013447   -0.000955402  0.9545    16200       1    9766600 |              F
      12   [      40       5 ]      0.229571   -0.141061657  0.9606  16200   [       3      20 ]      0.013447   -0.000955402  0.9545    16200       1   10465600 |              F
      13   [      17      13 ]      0.038631   -0.001577840  0.9485  16200   [       3      20 ]      0.013447   -0.000955402  0.9545    16200       1   11259400 |              F
      14   [      21      12 ]      0.053016   -0.001663249  0.9482  16200   [       3      20 ]      0.013447   -0.000955402  0.9545    16200       1   11864400 |              F
      15   [      41       5 ]      0.229586   -0.141061657  0.9606  16200   [       3      20 ]      0.013447   -0.000955402  0.9545    16200       1   12622800 |              F
      16   [      49       2 ]      0.430028   -0.006279034  0.9489  16200   [       3      20 ]      0.013447   -0.000955402  0.9545    16200       1   13899600 |              F
      17   [      40       5 ]      0.229571   -0.141061657  0.9606  16200   [       3      20 ]      0.013447   -0.000955402  0.9545    16200       1   14790000 |              F
      18   [      31       8 ]      0.133913   -0.003517999  0.9480  16200   [       3      20 ]      0.013447   -0.000955402  0.9545    16200       1   15585000 |              F
      19   [      17      13 ]      0.038631   -0.001577840  0.9485  16200   [       3      20 ]      0.013447   -0.000955402  0.9545    16200       1   16495400 |              F
      20   [      49       2 ]      0.430028   -0.006279034  0.9489  16200   [       3      20 ]      0.013447   -0.000955402  0.9545    16200       1   17767800 |              F
      21   [      17      13 ]      0.038631   -0.001577840  0.9485  16200   [       3      20 ]      0.013447   -0.000955402  0.9545    16200       1   18713400 |              F
      22   [      21      12 ]      0.053016   -0.001663249  0.9482  16200   [       3      20 ]      0.013447   -0.000955402  0.9545    16200       1   19388800 |              F
      23   [      49       2 ]      0.430028   -0.006279034  0.9489  16200   [       3      20 ]      0.013447   -0.000955402  0.9545    16200       1   20511200 |              F
      24   [      17      13 ]      0.038631   -0.001577840  0.9485  16200   [       3      20 ]      0.013447   -0.000955402  0.9545    16200       1   21492000 |              F
      25   [      15      14 ]      0.029023   -0.000425824  0.9481  16200   [       3      20 ]      0.013447   -0.000955402  0.9545    16200       1   22372600 |              F
      26   [      15      14 ]      0.029023   -0.000425824  0.9481  16200   [       3      20 ]      0.013447   -0.000955402  0.9545    16200       1   23284000 |              F
      27   [      12      16 ]      0.018343   -0.000255340  0.9481  16200   [       3      20 ]      0.013447   -0.000955402  0.9545    16200       1   24691400 |              F
      28   [      17      13 ]      0.038631   -0.001577840  0.9485  16200   [       3      20 ]      0.013447   -0.000955402  0.9545    16200       1   25485200 |              F
      29   [      17      13 ]      0.038631   -0.001577840  0.9485  16200   [       3      20 ]      0.013447   -0.000955402  0.9545    16200       1   26547400 |              F
      30   [      49       2 ]      0.430028   -0.006279034  0.9489  16200   [       3      20 ]      0.013447   -0.000955402  0.9545    16200       1   27819800 |              F
      31   [      26      10 ]      0.083183   -0.004918681  0.9484  16200   [       3      20 ]      0.013447   -0.000955402  0.9545    16200       1   28722000 |              F
      32   [      15      14 ]      0.029023   -0.000425824  0.9481  16200   [       3      20 ]      0.013447   -0.000955402  0.9545    16200       1   29569600 |              F
      33   [      49       2 ]      0.430028   -0.006279034  0.9489  16200   [       3      20 ]      0.013447   -0.000955402  0.9545    16200       1   30626000 |              F
      34   [      15      14 ]      0.029023   -0.000425824  0.9481  16200   [       3      20 ]      0.013447   -0.000955402  0.9545    16200       1   31506600 |              F
      35   [      12      16 ]      0.018343   -0.000255340  0.9481  16200   [       3      20 ]      0.013447   -0.000955402  0.9545    16200       1   32914000 |              F
      36   [      49       2 ]      0.430028   -0.006279034  0.9489  16200   [       3      20 ]      0.013447   -0.000955402  0.9545    16200       1   34221600 |              F
      37   [      41       5 ]      0.229586   -0.141061657  0.9606  16200   [       3      20 ]      0.013447   -0.000955402  0.9545    16200       1   35032800 |              F
      38   [      41       5 ]      0.229586   -0.141061657  0.9606  16200   [       3      20 ]      0.013447   -0.000955402  0.9545    16200       1   35780200 |              F
      39   [      49       2 ]      0.430028   -0.006279034  0.9489  16200   [       3      20 ]      0.013447   -0.000955402  0.9545    16200       1   37048200 |              F
      40   [      12      16 ]      0.018343   -0.000255340  0.9481  16200   [       3      20 ]      0.013447   -0.000955402  0.9545    16200       1   38486400 |              F
      41   [       3      20 ]      0.013447   -0.000955402  0.9545  16200   [       3      20 ]      0.013447   -0.000955402  0.9545    16200       1   39472200 |              F
      42   [      12      16 ]      0.018343   -0.000255340  0.9481  16200   [       3      20 ]      0.013447   -0.000955402  0.9545    16200       1   40910400 |              F
      43                  NONE                                                               [       3      20 ]      0.013447   -0.000955402  0.9545    16200       1   40910400 |                                          -
      43   [      11      16 ]      0.019363   -0.000946752  0.9491  16200   [       3      20 ]      0.013447   -0.000955402  0.9545    16200       1   42784200 |              F
      44   [      36       6 ]      0.191366   -0.002309074  0.9480  16200   [       3      20 ]      0.013447   -0.000955402  0.9545    16200       1   43760200 |              F
      45   [      11      16 ]      0.019363   -0.000946752  0.9491  16200   [       3      20 ]      0.013447   -0.000955402  0.9545    16200       1   45664800 |              F
      46   [      34       7 ]      0.162767   -0.016919670  0.9491  16200   [       3      20 ]      0.013447   -0.000955402  0.9545    16200       1   47013800 |              F
      47   [      49       2 ]      0.428432   -0.123025166  0.9611  16200   [       3      20 ]      0.013447   -0.000955402  0.9545    16200       1   48056200 |              F
      48   [       7      18 ]      0.015125   -0.000632769  0.9495  16200   [       3      20 ]      0.013447   -0.000955402  0.9545    16200       1   49148000 |              F
      49   [      29       9 ]      0.108534   -0.002071601  0.9480  16200   [       3      20 ]      0.013447   -0.000955402  0.9545    16200       1   50100800 |              F
