
--------------------------------------------------------------------------------------------------------------------------------------------------------------------------------------------------|----------X_r-------------------------------
 Restart                             Suggested                                                                         Current                                                              Total |                                Feasibility/
     No.                              Solution                                                                            Best                                                               Work |                                  Optimality
       r                                   X_r            gk             fk    phat     mk                               Z_r-1             gk             fk     phat   mkprev              (w_r) |             g             f
--------------------------------------------------------------------------------------------------------------------------------------------------------------------------------------------------|----------X_r-------------------------------
       1   [      12      15 ]      0.017153   -0.002695307  0.9454   5400                                                                                                 648800 |              F
       2   [      12      15 ]      0.017153   -0.002695307  0.9454   5400   [      12      15 ]      0.017153   -0.002695307  0.9454     5400       1    1280000 |              F
       3   [      21      12 ]      0.040796   -0.000777338  0.9382   5400   [      12      15 ]      0.017153   -0.002695307  0.9454     5400       1    1927000 |              F
       4   [      31       8 ]      0.109233   -0.041407073  0.9551   5400   [      12      15 ]      0.017153   -0.002695307  0.9454     5400       1    2715600 |              F
       5   [      49       2 ]      0.423022   -0.191992774  0.9458   5400   [      12      15 ]      0.017153   -0.002695307  0.9454     5400       1    3971800 |              F
       6   [      32       8 ]      0.109254   -0.041407073  0.9551   5400   [      12      15 ]      0.017153   -0.002695307  0.9454     5400       1    4617000 |              F
       7   [      49       2 ]      0.423022   -0.191992774  0.9458   5400   [      12      15 ]      0.017153   -0.002695307  0.9454     5400       1    5877600 |              F
       8   [      31       8 ]      0.109233   -0.041407073  0.9551   5400   [      12      15 ]      0.017153   -0.002695307  0.9454     5400       1    6664000 |              F
       9   [      49       2 ]      0.423022   -0.191992774  0.9458   5400   [      12      15 ]      0.017153   -0.002695307  0.9454     5400       1    7704200 |              F
      10   [      21      12 ]      0.040796   -0.000777338  0.9382   5400   [      12      15 ]      0.017153   -0.002695307  0.9454     5400       1    8364400 |              F
      11   [      32       8 ]      0.109254   -0.041407073  0.9551   5400   [      12      15 ]      0.017153   -0.002695307  0.9454     5400       1    9075600 |              F
      12   [      31       8 ]      0.109233   -0.041407073  0.9551   5400   [      12      15 ]      0.017153   -0.002695307  0.9454     5400       1    9862000 |              F
      13   [      12      16 ]      0.018343   -0.000255340  0.9481  16200   [      12      15 ]      0.023137   -0.001529316  0.9491    16200       1   11283400 |              F
      14   [       8      17 ]      0.016014   -0.002621229  0.9526  16200   [      12      16 ]      0.018343   -0.000255340  0.9481    16200       1   12362600 |              F
      15   [      15      14 ]      0.029023   -0.000425824  0.9481  16200   [       8      17 ]      0.016014   -0.002621229  0.9526    16200       1   13219000 |              F
      16   [      40       5 ]      0.229571   -0.141061657  0.9606  16200   [       8      17 ]      0.016014   -0.002621229  0.9526    16200       1   13911400 |              F
      17   [      56       0 ]      1.000000  -11.000000000  1.0000  16200   [       8      17 ]      0.016014   -0.002621229  0.9526    16200       1   14108000 |              F
      18   [       6      18 ]      0.014453   -0.000432016  0.9511  16200   [       8      17 ]      0.016014   -0.002621229  0.9526    16200       1   15124800 |              F
      19   [      28       9 ]      0.099687   -0.002214389  0.9484  16200   [       6      18 ]      0.014453   -0.000432016  0.9511    16200       1   16430200 |              F
      20   [      31       8 ]      0.122564   -0.001357636  0.9481  16200   [       6      18 ]      0.014453   -0.000432016  0.9511    16200       1   17316400 |              F
      21   [      14      15 ]      0.022678   -0.002456642  0.9515  16200   [       6      18 ]      0.014453   -0.000432016  0.9511    16200       1   18234400 |              F
      22   [      21      12 ]      0.049069   -0.000359445  0.9479  16200   [       6      18 ]      0.014453   -0.000432016  0.9511    16200       1   18892200 |              F
      23   [      31       8 ]      0.122564   -0.001357636  0.9481  16200   [       6      18 ]      0.014453   -0.000432016  0.9511    16200       1   19554000 |              F
      24   [       8      17 ]      0.016014   -0.001799890  0.9552  16200   [       6      18 ]      0.014453   -0.000432016  0.9511    16200       1   20636400 |              F
      25   [      31       8 ]      0.122564   -0.001357636  0.9481  16200   [       6      18 ]      0.014453   -0.000432016  0.9511    16200       1   21333400 |              F
      26   [      14      15 ]      0.022678   -0.002456642  0.9515  16200   [       6      18 ]      0.014453   -0.000432016  0.9511    16200       1   22059800 |              F
      27   [      14      15 ]      0.022678   -0.002456642  0.9515  16200   [       6      18 ]      0.014453   -0.000432016  0.9511    16200       1   22977800 |              F
      28   [      21      12 ]      0.049069   -0.000359445  0.9479  16200   [       6      18 ]      0.014453   -0.000432016  0.9511    16200       1   23754400 |              F
      29   [      21      12 ]      0.049069   -0.000359445  0.9479  16200   [       6      18 ]      0.014453   -0.000432016  0.9511    16200       1   24867600 |              F
      30   [      31       8 ]      0.122564   -0.001357636  0.9481  16200   [       6      18 ]      0.014453   -0.000432016  0.9511    16200       1   25789000 |              F
      31   [      28       9 ]      0.099687   -0.002214389  0.9484  16200   [       6      18 ]      0.014453   -0.000432016  0.9511    16200       1   26968800 |              F
      32   [      37       6 ]      0.186552   -0.019632911  0.9507  16200   [       6      18 ]      0.014453   -0.000432016  0.9511    16200       1   27969200 |              F
      33   [      28       9 ]      0.099687   -0.002214389  0.9484  16200   [       6      18 ]      0.014453   -0.000432016  0.9511    16200       1   29149000 |              F
      34   [      49       2 ]      0.448918   -0.085277307  0.9525  16200   [       6      18 ]      0.014453   -0.000432016  0.9511    16200       1   29902400 |              F
      35   [      37       6 ]      0.186552   -0.019632911  0.9507  16200   [       6      18 ]      0.014453   -0.000432016  0.9511    16200       1   30902800 |              F
      36   [      37       6 ]      0.186552   -0.019632911  0.9507  16200   [       6      18 ]      0.014453   -0.000432016  0.9511    16200       1   32167000 |              F
      37   [      28       9 ]      0.099687   -0.002214389  0.9484  16200   [       6      18 ]      0.014453   -0.000432016  0.9511    16200       1   33349000 |              F
      38   [      14      15 ]      0.022678   -0.002456642  0.9515  16200   [       6      18 ]      0.014453   -0.000432016  0.9511    16200       1   34187800 |              F
      39   [      39       5 ]      0.232491   -0.001430842  0.9479  16200   [       6      18 ]      0.014453   -0.000432016  0.9511    16200       1   35094600 |              F
      40   [      14      15 ]      0.022678   -0.002456642  0.9515  16200   [       6      18 ]      0.014453   -0.000432016  0.9511    16200       1   36168800 |              F
      41   [       9      17 ]      0.016016   -0.001799890  0.9552  16200   [       6      18 ]      0.014453   -0.000432016  0.9511    16200       1   37185200 |              F
      42   [      24      11 ]      0.062726   -0.007407397  0.9504  16200   [       6      18 ]      0.014453   -0.000432016  0.9511    16200       1   38205600 |              F
      43   [      14      15 ]      0.022678   -0.002456642  0.9515  16200   [       6      18 ]      0.014453   -0.000432016  0.9511    16200       1   39156600 |              F
      44   [      31       8 ]      0.122564   -0.001357636  0.9481  16200   [       6      18 ]      0.014453   -0.000432016  0.9511    16200       1   40078000 |              F
      45   [      37       6 ]      0.186552   -0.019632911  0.9507  16200   [       6      18 ]      0.014453   -0.000432016  0.9511    16200       1   41078400 |              F
      46   [      14      15 ]      0.022678   -0.002456642  0.9515  16200   [       6      18 ]      0.014453   -0.000432016  0.9511    16200       1   42119600 |              F
      47   [      31       8 ]      0.122564   -0.001357636  0.9481  16200   [       6      18 ]      0.014453   -0.000432016  0.9511    16200       1   43107000 |              F
      48   [      28       9 ]      0.099687   -0.002214389  0.9484  16200   [       6      18 ]      0.014453   -0.000432016  0.9511    16200       1   44410200 |              F
      49                  NONE                                                               [       6      18 ]      0.014453   -0.000432016  0.9511    16200       1   44410200 |                                          -
      49   [      23      11 ]      0.063240   -0.001020282  0.9483  16200   [       6      18 ]      0.014453   -0.000432016  0.9511    16200       1   46391400 |              F
      50   [       8      17 ]      0.016114   -0.000642414  0.9504  16200   [       6      18 ]      0.014453   -0.000432016  0.9511    16200       1   48590000 |              F
      51   [      41       5 ]      0.233100   -0.027255127  0.9500  16200   [       6      18 ]      0.014453   -0.000432016  0.9511    16200       1   49607800 |              F
      52   [       3      20 ]      0.013523   -0.000302268  0.9545  16200   [       6      18 ]      0.014453   -0.000432016  0.9511    16200       1   50558000 |              F
