
--------------------------------------------------------------------------------------------------------------------------------------------------------------------------------------------------|----------X_r-------------------------------
 Restart                             Suggested                                                                         Current                                                              Total |                                Feasibility/
     No.                              Solution                                                                            Best                                                               Work |                                  Optimality
       r                                   X_r            gk             fk    phat     mk                               Z_r-1             gk             fk     phat   mkprev              (w_r) |             g             f
--------------------------------------------------------------------------------------------------------------------------------------------------------------------------------------------------|----------X_r-------------------------------
       1   [      12      15 ]      0.017153   -0.002695307  0.9454   5400                                                                                                 659800 |              F
       2   [      26      10 ]      0.068442   -0.021565691  0.9583   5400   [      12      15 ]      0.017153   -0.002695307  0.9454     5400       1    1320600 |              F
       3   [      49       2 ]      0.423022   -0.191992774  0.9458   5400   [      12      15 ]      0.017153   -0.002695307  0.9454     5400       1    1870400 |              F
       4   [      21      12 ]      0.040796   -0.000777338  0.9382   5400   [      12      15 ]      0.017153   -0.002695307  0.9454     5400       1    2499800 |              F
       5   [      12      16 ]      0.018343   -0.000255340  0.9481  16200   [      12      15 ]      0.023137   -0.001529316  0.9491    16200       1    3923400 |              F
       6   [      41       5 ]      0.229586   -0.141061657  0.9606  16200   [      12      16 ]      0.018343   -0.000255340  0.9481    16200       1    4730200 |              F
       7   [      32       8 ]      0.133926   -0.003517999  0.9480  16200   [      12      16 ]      0.018343   -0.000255340  0.9481    16200       1    5386200 |              F
       8   [      40       5 ]      0.229571   -0.141061657  0.9606  16200   [      12      16 ]      0.018343   -0.000255340  0.9481    16200       1    5960800 |              F
       9   [      15      14 ]      0.029023   -0.000425824  0.9481  16200   [      12      16 ]      0.018343   -0.000255340  0.9481    16200       1    6808400 |              F
      10   [      26      10 ]      0.083183   -0.004918681  0.9484  16200   [      12      16 ]      0.018343   -0.000255340  0.9481    16200       1    7471200 |              F
      11   [      26      10 ]      0.083183   -0.004918681  0.9484  16200   [      12      16 ]      0.018343   -0.000255340  0.9481    16200       1    8225000 |              F
      12   [      21      12 ]      0.053016   -0.001663249  0.9482  16200   [      12      16 ]      0.018343   -0.000255340  0.9481    16200       1    8830000 |              F
      13   [      40       5 ]      0.229571   -0.141061657  0.9606  16200   [      12      16 ]      0.018343   -0.000255340  0.9481    16200       1    9526800 |              F
      14   [      57       0 ]      1.000000  -11.000000000  1.0000  16200   [      12      16 ]      0.018343   -0.000255340  0.9481    16200       1    9681800 |              F
      15   [       4      19 ]      0.013717   -0.000458676  0.9548  16200   [      12      16 ]      0.018343   -0.000255340  0.9481    16200       1   10670200 |              F
      16   [      28       9 ]      0.099687   -0.002214389  0.9484  16200   [       4      19 ]      0.013717   -0.000458676  0.9548    16200       1   11909600 |              F
      17   [      47       3 ]      0.345271   -0.038860357  0.9505  16200   [       4      19 ]      0.013717   -0.000458676  0.9548    16200       1   12554200 |              F
      18   [      28       9 ]      0.099687   -0.002214389  0.9484  16200   [       4      19 ]      0.013717   -0.000458676  0.9548    16200       1   13663600 |              F
      19   [      56       0 ]      1.000000  -11.000000000  1.0000  16200   [       4      19 ]      0.013717   -0.000458676  0.9548    16200       1   13845800 |              F
      20   [       7      18 ]      0.013869   -0.000681503  0.9517  16200   [       4      19 ]      0.013717   -0.000458676  0.9548    16200       1   14970600 |              F
      21   [      53       1 ]      0.607266   -0.040288236  0.9485  16200   [       4      19 ]      0.013717   -0.000458676  0.9548    16200       1   16507200 |              F
      22   [      24      11 ]      0.065059   -0.001183914  0.9482  16200   [       4      19 ]      0.013717   -0.000458676  0.9548    16200       1   17495000 |              F
      23   [      53       1 ]      0.607266   -0.040288236  0.9485  16200   [       4      19 ]      0.013717   -0.000458676  0.9548    16200       1   19031600 |              F
      24   [      40       5 ]      0.235244   -0.009232620  0.9483  16200   [       4      19 ]      0.013717   -0.000458676  0.9548    16200       1   20139000 |              F
      25   [       6      18 ]      0.013873   -0.000681503  0.9517  16200   [       4      19 ]      0.013717   -0.000458676  0.9548    16200       1   20837600 |              F
      26   [      32       8 ]      0.129836   -0.019624482  0.9504  16200   [       4      19 ]      0.013717   -0.000458676  0.9548    16200       1   21638400 |              F
      27   [      40       5 ]      0.235244   -0.009232620  0.9483  16200   [       4      19 ]      0.013717   -0.000458676  0.9548    16200       1   22745800 |              F
      28   [      32       8 ]      0.129836   -0.019624482  0.9504  16200   [       4      19 ]      0.013717   -0.000458676  0.9548    16200       1   23797400 |              F
      29   [      40       5 ]      0.235244   -0.009232620  0.9483  16200   [       4      19 ]      0.013717   -0.000458676  0.9548    16200       1   24744200 |              F
      30   [      19      13 ]      0.037776   -0.072794646  0.9885  16200   [       4      19 ]      0.013717   -0.000458676  0.9548    16200       1   25546800 |              F
      31   [      16      14 ]      0.027699   -0.008994594  0.9593  16200   [       4      19 ]      0.013717   -0.000458676  0.9548    16200       1   26370600 |              F
      32   [      26      10 ]      0.081873   -0.008723397  0.9498  16200   [       4      19 ]      0.013717   -0.000458676  0.9548    16200       1   27359800 |              F
      33   [       5      19 ]      0.013485   -0.000195510  0.9495  16200   [       4      19 ]      0.013717   -0.000458676  0.9548    16200       1   28403600 |              F
      34   [      16      14 ]      0.027699   -0.008994594  0.9593  16200   [       5      19 ]      0.013485   -0.000195510  0.9495    16200       1   29227400 |              F
      35   [       3      20 ]      0.013447   -0.000474613  0.9537  16200   [       5      19 ]      0.013485   -0.000195510  0.9495    16200       1   30203600 |              F
      36   [       7      18 ]      0.013869   -0.000681503  0.9517  16200   [       3      20 ]      0.013447   -0.000474613  0.9537    16200       1   31439800 |              F
      37   [      16      14 ]      0.027699   -0.008994594  0.9593  16200   [       3      20 ]      0.013447   -0.000474613  0.9537    16200       1   32292200 |              F
      38   [      40       5 ]      0.235244   -0.009232620  0.9483  16200   [       3      20 ]      0.013447   -0.000474613  0.9537    16200       1   33632800 |              F
      39   [      19      13 ]      0.037776   -0.072794646  0.9885  16200   [       3      20 ]      0.013447   -0.000474613  0.9537    16200       1   34435400 |              F
      40   [      53       1 ]      0.607266   -0.040288236  0.9485  16200   [       3      20 ]      0.013447   -0.000474613  0.9537    16200       1   35983000 |              F
      41                  NONE                                                               [       3      20 ]      0.013447   -0.000474613  0.9537    16200       1   35983000 |                                          -
      41   [      49       2 ]      0.439103   -0.466307741  0.9702  16200   [       3      20 ]      0.013447   -0.000474613  0.9537    16200       1   37128800 |              F
      42   [      56       0 ]      1.000000  -11.000000000  1.0000  16200   [       3      20 ]      0.013447   -0.000474613  0.9537    16200       1   37324400 |              F
      43   [      15      14 ]      0.027530   -0.000879069  0.9487  16200   [       3      20 ]      0.013447   -0.000474613  0.9537    16200       1   38142200 |              F
      44   [      24      11 ]      0.064986   -0.000298967  0.9479  16200   [       3      20 ]      0.013447   -0.000474613  0.9537    16200       1   39008200 |              F
      45   [      24      11 ]      0.064986   -0.000298967  0.9479  16200   [       3      20 ]      0.013447   -0.000474613  0.9537    16200       1   39935800 |              F
      46   [       4      19 ]      0.013854   -0.000432921  0.9529  16200   [       3      20 ]      0.013447   -0.000474613  0.9537    16200       1   41173200 |              F
      47   [      31       8 ]      0.128949   -0.002077976  0.9485  16200   [       3      20 ]      0.013447   -0.000474613  0.9537    16200       1   42483000 |              F
      48   [      15      14 ]      0.027530   -0.000879069  0.9487  16200   [       3      20 ]      0.013447   -0.000474613  0.9537    16200       1   43485600 |              F
      49   [      20      12 ]      0.049307   -0.012595612  0.9538  16200   [       3      20 ]      0.013447   -0.000474613  0.9537    16200       1   44781800 |              F
      50   [      50       2 ]      0.446639   -0.186530590  0.9658  16200   [       3      20 ]      0.013447   -0.000474613  0.9537    16200       1   46313600 |              F
      51   [      56       0 ]      1.000000  -11.000000000  1.0000  16200   [       3      20 ]      0.013447   -0.000474613  0.9537    16200       1   46505400 |              F
      52   [       5      19 ]      0.013464   -0.001414330  0.9752  16200   [       3      20 ]      0.013447   -0.000474613  0.9537    16200       1   47561000 |              F
      53   [      28       9 ]      0.103350   -0.000849221  0.9479  16200   [       3      20 ]      0.013447   -0.000474613  0.9537    16200       1   48573200 |              F
      54   [       6      18 ]      0.014176   -0.000174283  0.9498  16200   [       3      20 ]      0.013447   -0.000474613  0.9537    16200       1   49694600 |              F
      55   [      28       9 ]      0.103350   -0.000849221  0.9479  16200   [       3      20 ]      0.013447   -0.000474613  0.9537    16200       1   50799200 |              F
