
--------------------------------------------------------------------------------------------------------------------------------------------------------------------------------------------------|----------X_r-------------------------------
 Restart                             Suggested                                                                         Current                                                              Total |                                Feasibility/
     No.                              Solution                                                                            Best                                                               Work |                                  Optimality
       r                                   X_r            gk             fk    phat     mk                               Z_r-1             gk             fk     phat   mkprev              (w_r) |             g             f
--------------------------------------------------------------------------------------------------------------------------------------------------------------------------------------------------|----------X_r-------------------------------
       1                  NONE                                                                                                                                                               0 |                                          -
       1   [      38       3 ]      0.624700   -0.000216311  0.9521  27000                                                                                                4328400 |              F
       2   [      27       8 ]      0.320795   -0.012785106  0.9545  27000   [      38       3 ]      0.624700   -0.000216311  0.9521    27000       1    7160000 |              F
       3   [      23      10 ]      0.242446   -0.002938953  0.9533  27000   [      27       8 ]      0.320795   -0.012785106  0.9545    27000       1    9053600 |              F
       4   [      16      14 ]      0.170380   -0.000314653  0.9529  27000   [      23      10 ]      0.242446   -0.002938953  0.9533    27000       1   10641600 |              F
       5   [      38       3 ]      0.624700   -0.000216311  0.9521  27000   [      16      14 ]      0.170380   -0.000314653  0.9529    27000       1   14973600 |              F
       6                  NONE                                                               [      16      14 ]      0.170380   -0.000314653  0.9529    27000       1   14973600 |                                          -
       6   [       8      19 ]      0.160485   -0.000060787  0.9539  27000   [      16      14 ]      0.170380   -0.000314653  0.9529    27000       1   16220400 |              F
       7   [      23      10 ]      0.242446   -0.002938953  0.9533  27000   [       8      19 ]      0.160485   -0.000060787  0.9539    27000       1   18057600 |              F
       8   [      38       3 ]      0.624700   -0.000216311  0.9521  27000   [       8      19 ]      0.160485   -0.000060787  0.9539    27000       1   22389600 |              F
       9   [      27       8 ]      0.320795   -0.012785106  0.9545  27000   [       8      19 ]      0.160485   -0.000060787  0.9539    27000       1   25221200 |              F
      10   [      33       5 ]      0.471578   -0.021402552  0.9550  27000   [       8      19 ]      0.160485   -0.000060787  0.9539    27000       1   26270000 |              F
      11   [      10      18 ]      0.161864   -0.022784465  1.0000  27000   [       8      19 ]      0.160485   -0.000060787  0.9539    27000       1   27375600 |              F
      12   [       8      19 ]      0.160485   -0.000060787  0.9539  27000   [       8      19 ]      0.160485   -0.000060787  0.9539    27000       1   28706400 |              F
      13   [      44       0 ]      1.000000   -7.000000000  1.0000  81000   [       8      19 ]      0.160768   -0.000027466  0.9628    81000       1   30727200 |              F
      14   [      45       0 ]      1.000000   -7.000000000  1.0000  81000   [       8      19 ]      0.160768   -0.000027466  0.9628    81000       1   31323600 |              F
      15   [      38       3 ]      0.621225   -0.009153287  0.9623  81000   [       8      19 ]      0.160768   -0.000027466  0.9628    81000       1   37036000 |              F
      16                  NONE                                                               [       8      19 ]      0.160768   -0.000027466  0.9628    81000       1   37036000 |                                          -
      16   [       8      19 ]      0.160768   -0.000027466  0.9628  81000   [       8      19 ]      0.160768   -0.000027466  0.9628    81000       1   39172800 |              F
      17   [      16      14 ]      0.169856   -0.000409439  0.9623  81000   [       8      19 ]      0.160768   -0.000027466  0.9628    81000       1   42472800 |              F
      18   [      19      12 ]      0.193027   -0.001365333  0.9626  81000   [       8      19 ]      0.160768   -0.000027466  0.9628    81000       1   44593200 |              F
      19   [      10      18 ]      0.161864   -0.018552327  1.0000  81000   [       8      19 ]      0.160768   -0.000027466  0.9628    81000       1   45380400 |              F
      20   [      38       3 ]      0.621225   -0.009153287  0.9623  81000   [       8      19 ]      0.160768   -0.000027466  0.9628    81000       1   48083600 |              F
      21                  NONE                                                               [       8      19 ]      0.160768   -0.000027466  0.9628    81000       1   48083600 |                                          -
      21   [      19      12 ]      0.193027   -0.001365333  0.9626  81000   [       8      19 ]      0.160768   -0.000027466  0.9628    81000       1   50205200 |              F
