
--------------------------------------------------------------------------------------------------------------------------------------------------------------------------------------------------|----------X_r-------------------------------
 Restart                             Suggested                                                                         Current                                                              Total |                                Feasibility/
     No.                              Solution                                                                            Best                                                               Work |                                  Optimality
       r                                   X_r            gk             fk    phat     mk                               Z_r-1             gk             fk     phat   mkprev              (w_r) |             g             f
--------------------------------------------------------------------------------------------------------------------------------------------------------------------------------------------------|----------X_r-------------------------------
       1   [      38       3 ]      0.624700   -0.000216311  0.9521  27000                                                                                                4328400 |              F
       2   [      23      10 ]      0.242446   -0.002938953  0.9533  27000   [      38       3 ]      0.624700   -0.000216311  0.9521    27000       1    6078000 |              F
       3   [      38       3 ]      0.624700   -0.000216311  0.9521  27000   [      23      10 ]      0.242446   -0.002938953  0.9533    27000       1   10407600 |              F
       4                  NONE                                                               [      23      10 ]      0.242446   -0.002938953  0.9533    27000       1   10407600 |                                          -
       4   [      38       3 ]      0.624700   -0.000216311  0.9521  27000   [      23      10 ]      0.242446   -0.002938953  0.9533    27000       1   14737200 |              F
       5   [      23      10 ]      0.242446   -0.002938953  0.9533  27000   [      23      10 ]      0.242446   -0.002938953  0.9533    27000       1   16653600 |              F
       6   [      38       3 ]      0.624700   -0.000216311  0.9521  27000   [      23      10 ]      0.242446   -0.002938953  0.9533    27000       1   18400400 |              F
       7   [       8      19 ]      0.160485   -0.000060787  0.9539  27000   [      23      10 ]      0.242446   -0.002938953  0.9533    27000       1   19646000 |              F
       8   [      23      10 ]      0.242446   -0.002938953  0.9533  27000   [       8      19 ]      0.160485   -0.000060787  0.9539    27000       1   21576800 |              F
       9   [      33       5 ]      0.471578   -0.021402552  0.9550  27000   [       8      19 ]      0.160485   -0.000060787  0.9539    27000       1   22643600 |              F
      10   [      16      14 ]      0.170380   -0.000314653  0.9529  27000   [       8      19 ]      0.160485   -0.000060787  0.9539    27000       1   24157200 |              F
      11   [      19      12 ]      0.194278   -0.000466697  0.9525  27000   [       8      19 ]      0.160485   -0.000060787  0.9539    27000       1   25242400 |              F
      12   [      38       3 ]      0.624700   -0.000216311  0.9521  27000   [       8      19 ]      0.160485   -0.000060787  0.9539    27000       1   29574400 |              F
      13                  NONE                                                               [       8      19 ]      0.160485   -0.000060787  0.9539    27000       1   29574400 |                                          -
      13   [      10      18 ]      0.161864   -0.022784465  1.0000  27000   [       8      19 ]      0.160485   -0.000060787  0.9539    27000       1   30729200 |              F
      14   [       8      19 ]      0.160485   -0.000060787  0.9539  27000   [       8      19 ]      0.160485   -0.000060787  0.9539    27000       1   31943600 |              F
      15   [      23      10 ]      0.242446   -0.002938953  0.9533  27000   [       8      19 ]      0.160485   -0.000060787  0.9539    27000       1   33860000 |              F
      16   [      38       3 ]      0.624700   -0.000216311  0.9521  27000   [       8      19 ]      0.160485   -0.000060787  0.9539    27000       1   35608000 |              F
      17   [       8      19 ]      0.160485   -0.000060787  0.9539  27000   [       8      19 ]      0.160485   -0.000060787  0.9539    27000       1   36886000 |              F
      18                  NONE                                                               [       8      19 ]      0.160485   -0.000060787  0.9539    27000       1   36886000 |                                          -
      18   [      10      18 ]      0.161864   -0.022784465  1.0000  27000   [       8      19 ]      0.160485   -0.000060787  0.9539    27000       1   37528000 |              F
      19   [      10      18 ]      0.161864   -0.022784465  1.0000  27000   [       8      19 ]      0.160485   -0.000060787  0.9539    27000       1   38636000 |              F
      20   [      27       8 ]      0.320795   -0.012785106  0.9545  27000   [       8      19 ]      0.160485   -0.000060787  0.9539    27000       1   42686800 |              F
      21   [      27       8 ]      0.320795   -0.012785106  0.9545  27000   [       8      19 ]      0.160485   -0.000060787  0.9539    27000       1   46700400 |              F
      22   [      16      14 ]      0.170380   -0.000314653  0.9529  27000   [       8      19 ]      0.160485   -0.000060787  0.9539    27000       1   49118400 |              F
      23   [       8      19 ]      0.160485   -0.000060787  0.9539  27000   [       8      19 ]      0.160485   -0.000060787  0.9539    27000       1   50314800 |              F
