
--------------------------------------------------------------------------------------------------------------------------------------------------------------------------------------------------|----------X_r-------------------------------
 Restart                             Suggested                                                                         Current                                                              Total |                                Feasibility/
     No.                              Solution                                                                            Best                                                               Work |                                  Optimality
       r                                   X_r            gk             fk    phat     mk                               Z_r-1             gk             fk     phat   mkprev              (w_r) |             g             f
--------------------------------------------------------------------------------------------------------------------------------------------------------------------------------------------------|----------X_r-------------------------------
       1   [       5       5 ]      0.200364   -0.003389724  0.9611  81000                                                                                                6150800 |              F
       2   [       5       5 ]      0.200364   -0.003389724  0.9611  81000   [       5       5 ]      0.200364   -0.003389724  0.9611    81000       1   12355600 |              F
       3   [       5       5 ]      0.200364   -0.003389724  0.9611  81000   [       5       5 ]      0.200364   -0.003389724  0.9611    81000       1   16024800 |              F
       4   [       5       5 ]      0.200364   -0.003389724  0.9611  81000   [       5       5 ]      0.200364   -0.003389724  0.9611    81000       1   19538800 |              F
       5   [       5       5 ]      0.200364   -0.003389724  0.9611  81000   [       5       5 ]      0.200364   -0.003389724  0.9611    81000       1   23265600 |              F
       6                  NONE                                                               [       5       5 ]      0.200364   -0.003389724  0.9611    81000       1   23265600 |                                          -
       6   [       5       5 ]      0.200364   -0.003389724  0.9611  81000   [       5       5 ]      0.200364   -0.003389724  0.9611    81000       1   27075600 |              F
       7                  NONE                                                               [       5       5 ]      0.200364   -0.003389724  0.9611    81000       1   27075600 |                                          -
       7   [       8       4 ]      0.251650   -0.000582190  0.9608  81000   [       5       5 ]      0.200364   -0.003389724  0.9611    81000       1   30745600 |              F
