
--------------------------------------------------------------------------------------------------------------------------------------------------------------------------------------------------|----------X_r-------------------------------
 Restart                             Suggested                                                                         Current                                                              Total |                                Feasibility/
     No.                              Solution                                                                            Best                                                               Work |                                  Optimality
       r                                   X_r            gk             fk    phat     mk                               Z_r-1             gk             fk     phat   mkprev              (w_r) |             g             f
--------------------------------------------------------------------------------------------------------------------------------------------------------------------------------------------------|----------X_r-------------------------------
       1   [      31       7 ]      0.632708   -0.081160057  0.9496   6000                                                                                                1141000 |              F
       2   [      11      18 ]      0.376712   -0.012663678  0.9493  18000   [      31       7 ]      0.658618   -0.062732592  0.9497    18000       1    5400800 |              F
       3                  NONE                                                               [      11      18 ]      0.376712   -0.012663678  0.9493    18000       1    5400800 |                                          -
       3   [      22      12 ]      0.502090   -0.204231443  0.9603  18000   [      11      18 ]      0.376712   -0.012663678  0.9493    18000       1    7703800 |              F
       4   [      44       0 ]      1.000000  -15.000000000  1.0000 162000   [      11      18 ]      0.367951   -0.005035529  0.9661   162000       1   11846800 |              F
       5   [      12      17 ]      0.386932   -0.006542780  0.9661 162000   [      11      18 ]      0.367951   -0.005035529  0.9661   162000       1   16912400 |              F
       6   [      37       4 ]      0.786732   -0.121382474  0.9685 162000   [      11      18 ]      0.367951   -0.005035529  0.9661   162000       1   21320000 |              F
       7   [      30       8 ]      0.632522   -0.051296604  0.9673 162000   [      11      18 ]      0.367951   -0.005035529  0.9661   162000       1   25820200 |              F
       8   [      41       2 ]      0.885107   -0.001606083  0.9658 162000   [      11      18 ]      0.367951   -0.005035529  0.9661   162000       1   30238000 |              F
       9                  NONE                                                               [      11      18 ]      0.367951   -0.005035529  0.9661   162000       1   30238000 |                                          -
       9                  NONE                                                               [      11      18 ]      0.367951   -0.005035529  0.9661   162000       1   30238000 |                                          -
       9   [      20      13 ]      0.480869   -0.059348369  0.9704 162000   [      11      18 ]      0.367951   -0.005035529  0.9661   162000       1   36655800 |              F
      10   [      37       4 ]      0.785368   -0.092628910  0.9674 162000   [      11      18 ]      0.367951   -0.005035529  0.9661   162000       1   42346000 |              F
      11   [      40       2 ]      0.884323   -0.002833420  0.9658 162000   [      11      18 ]      0.367951   -0.005035529  0.9661   162000       1   47206800 |              F
      12   [      38       3 ]      0.827410   -0.010138583  0.9661 162000   [      11      18 ]      0.367951   -0.005035529  0.9661   162000       1   52318200 |              F
      13   [       7      20 ]      0.318981   -0.076878564  0.9699 162000   [      11      18 ]      0.367951   -0.005035529  0.9661   162000       1   59833600 |              F
      14   [      11      18 ]      0.362171   -0.129394376  0.9708 162000   [       7      20 ]      0.318981   -0.076878564  0.9699   162000       1   65311200 |              F
      15   [       9      19 ]      0.339545   -0.113516240  0.9708 162000   [       7      20 ]      0.318981   -0.076878564  0.9699   162000       1   70001400 |              F
      16   [      12      17 ]      0.382321   -0.014410241  0.9667 162000   [       7      20 ]      0.318981   -0.076878564  0.9699   162000       1   75144400 |              F
      17                  NONE                                                               [       7      20 ]      0.318981   -0.076878564  0.9699   162000       1   75144400 |                                          -
      17   [       4      22 ]      0.282250   -0.067674997  0.9686 162000   [       7      20 ]      0.318981   -0.076878564  0.9699   162000       1   79202200 |              F
      18   [       4      22 ]      0.280813   -0.000467842  0.9658 162000   [       4      22 ]      0.282250   -0.067674997  0.9686   162000       1   83341400 |              F
      19   [      30       8 ]      0.626305   -0.003927587  0.9660 162000   [       4      22 ]      0.280813   -0.000467842  0.9658   162000       1   88011000 |              F
      20   [      37       4 ]      0.780510   -0.034797167  0.9665 162000   [       4      22 ]      0.280813   -0.000467842  0.9658   162000       1   92965600 |              F
      21   [       4      22 ]      0.280302   -0.003092358  0.9659 162000   [       4      22 ]      0.280813   -0.000467842  0.9658   162000       1   97259600 |              F
      22   [      31       7 ]      0.661287   -0.009272394  0.9663 162000   [       4      22 ]      0.280302   -0.003092358  0.9659   162000       1  105150800 |              F
