
--------------------------------------------------------------------------------------------------------------------------------------------------------------------------------------------------|----------X_r-------------------------------
 Restart                             Suggested                                                                         Current                                                              Total |                                Feasibility/
     No.                              Solution                                                                            Best                                                               Work |                                  Optimality
       r                                   X_r            gk             fk    phat     mk                               Z_r-1             gk             fk     phat   mkprev              (w_r) |             g             f
--------------------------------------------------------------------------------------------------------------------------------------------------------------------------------------------------|----------X_r-------------------------------
       1   [       5       5 ]      0.198982   -0.113195762  0.9596  27000                                                                                                2354400 |              F
       2   [       8       4 ]      0.249627   -0.065658852  0.9555  27000   [       5       5 ]      0.198982   -0.113195762  0.9596    27000       1    5164000 |              F
       3   [       5       5 ]      0.200364   -0.003389724  0.9611  81000   [       5       5 ]      0.200364   -0.003389724  0.9611    81000       1   12647600 |              F
       4   [       5       5 ]      0.200364   -0.003389724  0.9611  81000   [       5       5 ]      0.200364   -0.003389724  0.9611    81000       1   16374400 |              F
       5                  NONE                                               [       5       5 ]      0.200364   -0.003389724  0.9611    81000       1   16374400 |                                          -
       5                  NONE                                               [       5       5 ]      0.200364   -0.003389724  0.9611    81000       1   16374400 |                                          -
       5                  NONE                                               [       5       5 ]      0.200364   -0.003389724  0.9611    81000       1   16374400 |                                          -
       5   [       5       5 ]      0.200364   -0.003389724  0.9611  81000   [       5       5 ]      0.200364   -0.003389724  0.9611    81000       1   19905200 |              F
       6   [       5       5 ]      0.200364   -0.003389724  0.9611  81000   [       5       5 ]      0.200364   -0.003389724  0.9611    81000       1   23555200 |              F
       7   [       5       5 ]      0.200364   -0.003389724  0.9611  81000   [       5       5 ]      0.200364   -0.003389724  0.9611    81000       1   27086000 |              F
       8                  NONE                                               [       5       5 ]      0.200364   -0.003389724  0.9611    81000       1   27086000 |                                          -
       8   [       5       5 ]      0.200364   -0.003389724  0.9611  81000   [       5       5 ]      0.200364   -0.003389724  0.9611    81000       1   30856400 |              F
