
--------------------------------------------------------------------------------------------------------------------------------------------------------------------------------------------------|----------X_r-------------------------------
 Restart                             Suggested                                                                         Current                                                              Total |                                Feasibility/
     No.                              Solution                                                                            Best                                                               Work |                                  Optimality
       r                                   X_r            gk             fk    phat     mk                               Z_r-1             gk             fk     phat   mkprev              (w_r) |             g             f
--------------------------------------------------------------------------------------------------------------------------------------------------------------------------------------------------|----------X_r-------------------------------
       1   [      28       7 ]      0.337130   -0.001301661  0.9381   5400                                                                                                 777200 |              F
       2   [      11      17 ]      0.159840   -0.000326246  0.9439   5400   [      28       7 ]      0.337130   -0.001301661  0.9381     5400       1    1849600 |              F
       3                  NONE                                                               [      11      17 ]      0.159840   -0.000326246  0.9439     5400       1    1849600 |                                          -
       3   [      20      11 ]      0.202315   -0.001371699  0.9383   5400   [      11      17 ]      0.159840   -0.000326246  0.9439     5400       1    2825200 |              F
       4   [      44       0 ]      1.000000   -7.000000000  1.0000  48600   [      11      17 ]      0.160338   -0.000353437  0.9636    48600       1    4049600 |              F
       5   [       9      18 ]      0.159747   -0.000013818  0.9574  48600   [      11      17 ]      0.160338   -0.000353437  0.9636    48600       1    5608800 |              F
       6   [      28       7 ]      0.361584   -0.001113771  0.9571  48600   [       9      18 ]      0.159747   -0.000013818  0.9574    48600       1    7276400 |              F
       7   [      20      11 ]      0.216443   -0.000164116  0.9570  48600   [       9      18 ]      0.159747   -0.000013818  0.9574    48600       1    9159200 |              F
       8   [      38       3 ]      0.622770   -0.001851793  0.9571  48600   [       9      18 ]      0.159747   -0.000013818  0.9574    48600       1   10624000 |              F
       9                  NONE                                                               [       9      18 ]      0.159747   -0.000013818  0.9574    48600       1   10624000 |                                          -
       9                  NONE                                                               [       9      18 ]      0.159747   -0.000013818  0.9574    48600       1   10624000 |                                          -
       9   [      20      11 ]      0.216443   -0.000164116  0.9570  48600   [       9      18 ]      0.159747   -0.000013818  0.9574    48600       1   12454000 |              F
      10   [      38       3 ]      0.622770   -0.001851793  0.9571  48600   [       9      18 ]      0.159747   -0.000013818  0.9574    48600       1   13912400 |              F
      11   [      38       3 ]      0.622770   -0.001851793  0.9571  48600   [       9      18 ]      0.159747   -0.000013818  0.9574    48600       1   15370800 |              F
      12   [      38       3 ]      0.622770   -0.001851793  0.9571  48600   [       9      18 ]      0.159747   -0.000013818  0.9574    48600       1   16822800 |              F
      13   [      11      17 ]      0.160338   -0.000353437  0.9636  48600   [       9      18 ]      0.159747   -0.000013818  0.9574    48600       1   18669200 |              F
      14   [      11      17 ]      0.160338   -0.000353437  0.9636  48600   [       9      18 ]      0.159747   -0.000013818  0.9574    48600       1   20532400 |              F
      15                  NONE                                                               [       9      18 ]      0.159747   -0.000013818  0.9574    48600       1   20532400 |                                          -
      15                  NONE                                                               [       9      18 ]      0.159747   -0.000013818  0.9574    48600       1   20532400 |                                          -
      15   [      38       3 ]      0.622770   -0.001851793  0.9571  48600   [       9      18 ]      0.159747   -0.000013818  0.9574    48600       1   21990800 |              F
      16                  NONE                                                               [       9      18 ]      0.159747   -0.000013818  0.9574    48600       1   21990800 |                                          -
      16   [      28       7 ]      0.361584   -0.001113771  0.9571  48600   [       9      18 ]      0.159747   -0.000013818  0.9574    48600       1   23653200 |              F
      17   [      28       7 ]      0.361584   -0.001113771  0.9571  48600   [       9      18 ]      0.159747   -0.000013818  0.9574    48600       1   25359200 |              F
      18   [      20      11 ]      0.216443   -0.000164116  0.9570  48600   [       9      18 ]      0.159747   -0.000013818  0.9574    48600       1   27188800 |              F
      19   [      20      11 ]      0.216443   -0.000164116  0.9570  48600   [       9      18 ]      0.159747   -0.000013818  0.9574    48600       1   29071600 |              F
      20   [      20      11 ]      0.216443   -0.000164116  0.9570  48600   [       9      18 ]      0.159747   -0.000013818  0.9574    48600       1   30995200 |              F
      21   [      11      17 ]      0.160338   -0.000353437  0.9636  48600   [       9      18 ]      0.159747   -0.000013818  0.9574    48600       1   33317200 |              F
      22   [      20      11 ]      0.216443   -0.000164116  0.9570  48600   [       9      18 ]      0.159747   -0.000013818  0.9574    48600       1   35164800 |              F
      23   [       8      19 ]      0.159645   -0.000109398  0.9629  48600   [       9      18 ]      0.159747   -0.000013818  0.9574    48600       1   37464000 |              F
      24   [      20      11 ]      0.216443   -0.000164116  0.9570  48600   [       8      19 ]      0.159645   -0.000109398  0.9629    48600       1   39328800 |              F
      25   [       8      19 ]      0.159645   -0.000109398  0.9629  48600   [       8      19 ]      0.159645   -0.000109398  0.9629    48600       1   41628000 |              F
      26                  NONE                                                               [       8      19 ]      0.159645   -0.000109398  0.9629    48600       1   41628000 |                                          -
      26   [      20      11 ]      0.216443   -0.000164116  0.9570  48600   [       8      19 ]      0.159645   -0.000109398  0.9629    48600       1   43231200 |              F
      27                  NONE                                                               [       8      19 ]      0.159645   -0.000109398  0.9629    48600       1   43231200 |                                          -
      27   [      11      17 ]      0.160338   -0.000353437  0.9636  48600   [       8      19 ]      0.159645   -0.000109398  0.9629    48600       1   45534000 |              F
      28   [       8      19 ]      0.159645   -0.000109398  0.9629  48600   [       8      19 ]      0.159645   -0.000109398  0.9629    48600       1   47821200 |              F
      29                  NONE                                                               [       8      19 ]      0.159645   -0.000109398  0.9629    48600       1   47821200 |                                          -
      29                  NONE                                                               [       8      19 ]      0.159645   -0.000109398  0.9629    48600       1   47821200 |                                          -
      29   [      44       0 ]      1.000000   -7.000000000  1.0000  48600   [       8      19 ]      0.159645   -0.000109398  0.9629    48600       1   48264800 |              F
      30   [      28       7 ]      0.361584   -0.001113771  0.9571  48600   [       8      19 ]      0.159645   -0.000109398  0.9629    48600       1   49932400 |              F
      31   [       9      18 ]      0.159747   -0.000013818  0.9574  48600   [       8      19 ]      0.159645   -0.000109398  0.9629    48600       1   51486800 |              F
