
--------------------------------------------------------------------------------------------------------------------------------------------------------------------------------------------------|----------X_r-------------------------------
 Restart                             Suggested                                                                         Current                                                              Total |                                Feasibility/
     No.                              Solution                                                                            Best                                                               Work |                                  Optimality
       r                                   X_r            gk             fk    phat     mk                               Z_r-1             gk             fk     phat   mkprev              (w_r) |             g             f
--------------------------------------------------------------------------------------------------------------------------------------------------------------------------------------------------|----------X_r-------------------------------
       1   [      20      11 ]      0.202315   -0.001371699  0.9383   5400                                                                                                 720000 |              F
       2   [      28       7 ]      0.337130   -0.001301661  0.9381   5400   [      20      11 ]      0.202315   -0.001371699  0.9383     5400       1    1515200 |              F
       3   [      11      17 ]      0.159840   -0.000326246  0.9439   5400   [      20      11 ]      0.202315   -0.001371699  0.9383     5400       1    2586000 |              F
       4   [      38       3 ]      0.592902   -0.000281806  0.9379   5400   [      11      17 ]      0.159840   -0.000326246  0.9439     5400       1    3228000 |              F
       5   [      11      17 ]      0.159840   -0.000326246  0.9439   5400   [      11      17 ]      0.159840   -0.000326246  0.9439     5400       1    4299600 |              F
       6                  NONE                                                               [      11      17 ]      0.159840   -0.000326246  0.9439     5400       1    4299600 |                                          -
       6   [       8      19 ]      0.159860   -0.001391487  0.9646   5400   [      11      17 ]      0.159840   -0.000326246  0.9439     5400       1    4832800 |              F
       7   [      20      11 ]      0.202315   -0.001371699  0.9383   5400   [      11      17 ]      0.159840   -0.000326246  0.9439     5400       1    5819600 |              F
       8   [      28       7 ]      0.337130   -0.001301661  0.9381   5400   [      11      17 ]      0.159840   -0.000326246  0.9439     5400       1    6602400 |              F
       9   [      38       3 ]      0.592902   -0.000281806  0.9379   5400   [      11      17 ]      0.159840   -0.000326246  0.9439     5400       1    7237600 |              F
      10   [      20      11 ]      0.202315   -0.001371699  0.9383   5400   [      11      17 ]      0.159840   -0.000326246  0.9439     5400       1    8242000 |              F
      11   [      28       7 ]      0.337130   -0.001301661  0.9381   5400   [      11      17 ]      0.159840   -0.000326246  0.9439     5400       1    9031200 |              F
      12   [      11      17 ]      0.159840   -0.000326246  0.9439   5400   [      11      17 ]      0.159840   -0.000326246  0.9439     5400       1   10034800 |              F
      13   [      28       7 ]      0.337130   -0.001301661  0.9381   5400   [      11      17 ]      0.159840   -0.000326246  0.9439     5400       1   10736800 |              F
      14   [      28       7 ]      0.337130   -0.001301661  0.9381   5400   [      11      17 ]      0.159840   -0.000326246  0.9439     5400       1   11513600 |              F
      15   [      20      11 ]      0.202315   -0.001371699  0.9383   5400   [      11      17 ]      0.159840   -0.000326246  0.9439     5400       1   12471600 |              F
      16                  NONE                                                               [      11      17 ]      0.159840   -0.000326246  0.9439     5400       1   12471600 |                                          -
      16   [      11      17 ]      0.159840   -0.000326246  0.9439   5400   [      11      17 ]      0.159840   -0.000326246  0.9439     5400       1   13542400 |              F
      17   [      20      11 ]      0.202315   -0.001371699  0.9383   5400   [      11      17 ]      0.159840   -0.000326246  0.9439     5400       1   14267200 |              F
      18   [      28       7 ]      0.337130   -0.001301661  0.9381   5400   [      11      17 ]      0.159840   -0.000326246  0.9439     5400       1   15074000 |              F
      19   [       9      18 ]      0.159780   -0.000901985  0.9645   5400   [      11      17 ]      0.159840   -0.000326246  0.9439     5400       1   15852400 |              F
      20   [      20      11 ]      0.202315   -0.001371699  0.9383   5400   [       9      18 ]      0.159780   -0.000901985  0.9645     5400       1   16839200 |              F
      21   [      28       7 ]      0.337130   -0.001301661  0.9381   5400   [       9      18 ]      0.159780   -0.000901985  0.9645     5400       1   17622000 |              F
      22                  NONE                                                               [       9      18 ]      0.159780   -0.000901985  0.9645     5400       1   17622000 |                                          -
      22   [      20      11 ]      0.202315   -0.001371699  0.9383   5400   [       9      18 ]      0.159780   -0.000901985  0.9645     5400       1   18626400 |              F
      23   [      11      17 ]      0.159840   -0.000326246  0.9439   5400   [       9      18 ]      0.159780   -0.000901985  0.9645     5400       1   19692000 |              F
      24   [      11      17 ]      0.159840   -0.000326246  0.9439   5400   [       9      18 ]      0.159780   -0.000901985  0.9645     5400       1   21272400 |              F
      25                  NONE                                                               [       9      18 ]      0.159780   -0.000901985  0.9645     5400       1   21272400 |                                          -
      25   [      11      17 ]      0.159840   -0.000326246  0.9439   5400   [       9      18 ]      0.159780   -0.000901985  0.9645     5400       1   22814800 |              F
      26   [      20      11 ]      0.202315   -0.001371699  0.9383   5400   [       9      18 ]      0.159780   -0.000901985  0.9645     5400       1   23539600 |              F
      27   [       9      18 ]      0.159780   -0.000901985  0.9645   5400   [       9      18 ]      0.159780   -0.000901985  0.9645     5400       1   24275600 |              F
      28   [      38       3 ]      0.621155   -0.009968766  0.9484  16200   [       9      18 ]      0.163347   -0.000509288  0.9530    16200       1   26310400 |              F
      29   [      38       3 ]      0.621155   -0.009968766  0.9484  16200   [       9      18 ]      0.163347   -0.000509288  0.9530    16200       1   28099600 |              F
      30   [      11      17 ]      0.163826   -0.000636864  0.9518  16200   [       9      18 ]      0.163347   -0.000509288  0.9530    16200       1   29885200 |              F
      31   [      20      11 ]      0.215310   -0.000088856  0.9478  16200   [       9      18 ]      0.163347   -0.000509288  0.9530    16200       1   31133600 |              F
      32   [      38       3 ]      0.621155   -0.009968766  0.9484  16200   [       9      18 ]      0.163347   -0.000509288  0.9530    16200       1   32924000 |              F
      33                  NONE                                                               [       9      18 ]      0.163347   -0.000509288  0.9530    16200       1   32924000 |                                          -
      33   [      28       7 ]      0.367179   -0.000246638  0.9478  16200   [       9      18 ]      0.163347   -0.000509288  0.9530    16200       1   33992000 |              F
      34   [      20      11 ]      0.215310   -0.000088856  0.9478  16200   [       9      18 ]      0.163347   -0.000509288  0.9530    16200       1   35222400 |              F
      35   [      20      11 ]      0.215310   -0.000088856  0.9478  16200   [       9      18 ]      0.163347   -0.000509288  0.9530    16200       1   36226000 |              F
      36                  NONE                                                               [       9      18 ]      0.163347   -0.000509288  0.9530    16200       1   36226000 |                                          -
      36   [      27       8 ]      0.324132   -0.007981450  0.9489  16200   [       9      18 ]      0.163347   -0.000509288  0.9530    16200       1   38092000 |              F
      37   [      28       7 ]      0.367179   -0.000246638  0.9478  16200   [       9      18 ]      0.163347   -0.000509288  0.9530    16200       1   39154800 |              F
      38   [      20      11 ]      0.215310   -0.000088856  0.9478  16200   [       9      18 ]      0.163347   -0.000509288  0.9530    16200       1   40420400 |              F
      39   [      11      17 ]      0.163826   -0.000636864  0.9518  16200   [       9      18 ]      0.163347   -0.000509288  0.9530    16200       1   41737200 |              F
      40   [      19      12 ]      0.195018   -0.000305002  0.9480  16200   [       9      18 ]      0.163347   -0.000509288  0.9530    16200       1   44182800 |              F
      41   [      28       7 ]      0.367179   -0.000246638  0.9478  16200   [       9      18 ]      0.163347   -0.000509288  0.9530    16200       1   45238400 |              F
      42   [      38       3 ]      0.621155   -0.009968766  0.9484  16200   [       9      18 ]      0.163347   -0.000509288  0.9530    16200       1   47027200 |              F
      43                  NONE                                                               [       9      18 ]      0.163347   -0.000509288  0.9530    16200       1   47027200 |                                          -
      43   [      28       7 ]      0.367179   -0.000246638  0.9478  16200   [       9      18 ]      0.163347   -0.000509288  0.9530    16200       1   48095200 |              F
      44   [      27       8 ]      0.324132   -0.007981450  0.9489  16200   [       9      18 ]      0.163347   -0.000509288  0.9530    16200       1   49968000 |              F
      45   [      11      17 ]      0.163826   -0.000636864  0.9518  16200   [       9      18 ]      0.163347   -0.000509288  0.9530    16200       1   51286400 |              F
