
--------------------------------------------------------------------------------------------------------------------------------------------------------------------------------------------------|----------X_r-------------------------------
 Restart                             Suggested                                                                         Current                                                              Total |                                Feasibility/
     No.                              Solution                                                                            Best                                                               Work |                                  Optimality
       r                                   X_r            gk             fk    phat     mk                               Z_r-1             gk             fk     phat   mkprev              (w_r) |             g             f
--------------------------------------------------------------------------------------------------------------------------------------------------------------------------------------------------|----------X_r-------------------------------
       1   [      44       0 ]      1.000000   -7.000000000  1.0000  48600                                                                                                 443600 |              F
       2   [      28       7 ]      0.361584   -0.001113771  0.9571  48600   [      44       0 ]      1.000000   -7.000000000  1.0000    48600       1    2105200 |              F
       3   [      38       3 ]      0.622770   -0.001851793  0.9571  48600   [      28       7 ]      0.361584   -0.001113771  0.9571    48600       1    3563600 |              F
       4   [      38       3 ]      0.622770   -0.001851793  0.9571  48600   [      28       7 ]      0.361584   -0.001113771  0.9571    48600       1    5034800 |              F
       5   [      38       3 ]      0.622770   -0.001851793  0.9571  48600   [      28       7 ]      0.361584   -0.001113771  0.9571    48600       1    6493200 |              F
       6   [      11      17 ]      0.160338   -0.000353437  0.9636  48600   [      28       7 ]      0.361584   -0.001113771  0.9571    48600       1    8363200 |              F
       7   [      20      11 ]      0.216443   -0.000164116  0.9570  48600   [      11      17 ]      0.160338   -0.000353437  0.9636    48600       1   10188400 |              F
       8   [      20      11 ]      0.216443   -0.000164116  0.9570  48600   [      11      17 ]      0.160338   -0.000353437  0.9636    48600       1   11791600 |              F
       9                  NONE                                                               [      11      17 ]      0.160338   -0.000353437  0.9636    48600       1   11791600 |                                          -
       9                  NONE                                                               [      11      17 ]      0.160338   -0.000353437  0.9636    48600       1   11791600 |                                          -
       9   [      28       7 ]      0.361584   -0.001113771  0.9571  48600   [      11      17 ]      0.160338   -0.000353437  0.9636    48600       1   13504000 |              F
      10   [      28       7 ]      0.361584   -0.001113771  0.9571  48600   [      11      17 ]      0.160338   -0.000353437  0.9636    48600       1   15090800 |              F
      11   [      38       3 ]      0.622770   -0.001851793  0.9571  48600   [      11      17 ]      0.160338   -0.000353437  0.9636    48600       1   16561600 |              F
      12   [      28       7 ]      0.361584   -0.001113771  0.9571  48600   [      11      17 ]      0.160338   -0.000353437  0.9636    48600       1   18148400 |              F
      13   [      38       3 ]      0.622770   -0.001851793  0.9571  48600   [      11      17 ]      0.160338   -0.000353437  0.9636    48600       1   19606800 |              F
      14   [       9      18 ]      0.159747   -0.000013818  0.9574  48600   [      11      17 ]      0.160338   -0.000353437  0.9636    48600       1   21230000 |              F
      15   [      20      11 ]      0.216443   -0.000164116  0.9570  48600   [       9      18 ]      0.159747   -0.000013818  0.9574    48600       1   22828400 |              F
      16   [      11      17 ]      0.160338   -0.000353437  0.9636  48600   [       9      18 ]      0.159747   -0.000013818  0.9574    48600       1   25189600 |              F
      17   [       9      18 ]      0.159747   -0.000013818  0.9574  48600   [       9      18 ]      0.159747   -0.000013818  0.9574    48600       1   26696400 |              F
      18   [      28       7 ]      0.361584   -0.001113771  0.9571  48600   [       9      18 ]      0.159747   -0.000013818  0.9574    48600       1   28272000 |              F
      19   [      11      17 ]      0.160338   -0.000353437  0.9636  48600   [       9      18 ]      0.159747   -0.000013818  0.9574    48600       1   30574800 |              F
      20   [      28       7 ]      0.361584   -0.001113771  0.9571  48600   [       9      18 ]      0.159747   -0.000013818  0.9574    48600       1   32274800 |              F
      21   [      11      17 ]      0.160338   -0.000353437  0.9636  48600   [       9      18 ]      0.159747   -0.000013818  0.9574    48600       1   34636400 |              F
      22                  NONE                                                               [       9      18 ]      0.159747   -0.000013818  0.9574    48600       1   34636400 |                                          -
      22   [      38       3 ]      0.622770   -0.001851793  0.9571  48600   [       9      18 ]      0.159747   -0.000013818  0.9574    48600       1   36101200 |              F
      23                  NONE                                                               [       9      18 ]      0.159747   -0.000013818  0.9574    48600       1   36101200 |                                          -
      23   [      38       3 ]      0.622770   -0.001851793  0.9571  48600   [       9      18 ]      0.159747   -0.000013818  0.9574    48600       1   37572000 |              F
      24   [      44       0 ]      1.000000   -7.000000000  1.0000  48600   [       9      18 ]      0.159747   -0.000013818  0.9574    48600       1   38015600 |              F
      25   [      20      11 ]      0.216443   -0.000164116  0.9570  48600   [       9      18 ]      0.159747   -0.000013818  0.9574    48600       1   39636800 |              F
      26   [      28       7 ]      0.361584   -0.001113771  0.9571  48600   [       9      18 ]      0.159747   -0.000013818  0.9574    48600       1   41304400 |              F
      27                  NONE                                                               [       9      18 ]      0.159747   -0.000013818  0.9574    48600       1   41304400 |                                          -
      27   [       9      18 ]      0.159747   -0.000013818  0.9574  48600   [       9      18 ]      0.159747   -0.000013818  0.9574    48600       1   42820400 |              F
      28                  NONE                                                               [       9      18 ]      0.159747   -0.000013818  0.9574    48600       1   42820400 |                                          -
      28                  NONE                                                               [       9      18 ]      0.159747   -0.000013818  0.9574    48600       1   42820400 |                                          -
      28   [      20      11 ]      0.216443   -0.000164116  0.9570  48600   [       9      18 ]      0.159747   -0.000013818  0.9574    48600       1   44703200 |              F
      29                  NONE                                                               [       9      18 ]      0.159747   -0.000013818  0.9574    48600       1   44703200 |                                          -
      29   [      38       3 ]      0.622770   -0.001851793  0.9571  48600   [       9      18 ]      0.159747   -0.000013818  0.9574    48600       1   47316000 |              F
      30   [       8      19 ]      0.159645   -0.000109398  0.9629  48600   [       9      18 ]      0.159747   -0.000013818  0.9574    48600       1   49614400 |              F
      31   [      11      17 ]      0.160338   -0.000353437  0.9636  48600   [       8      19 ]      0.159645   -0.000109398  0.9629    48600       1   51965600 |              F
