
--------------------------------------------------------------------------------------------------------------------------------------------------------------------------------------------------|----------X_r-------------------------------
 Restart                             Suggested                                                                         Current                                                              Total |                                Feasibility/
     No.                              Solution                                                                            Best                                                               Work |                                  Optimality
       r                                   X_r            gk             fk    phat     mk                               Z_r-1             gk             fk     phat   mkprev              (w_r) |             g             f
--------------------------------------------------------------------------------------------------------------------------------------------------------------------------------------------------|----------X_r-------------------------------
       1   [      16      14 ]      0.172397   -0.000991801  0.9294   1800                                                                                                 620400 |              F
       2   [      23      10 ]      0.226492   -0.000248838  0.9271   1800   [      16      14 ]      0.172397   -0.000991801  0.9294     1800       1    1279200 |              F
       3   [      10      17 ]      0.161832   -0.001932834  0.9414   1800   [      16      14 ]      0.172397   -0.000991801  0.9294     1800       1    1909600 |              F
       4   [      22      10 ]      0.226441   -0.000248838  0.9271   1800   [      10      17 ]      0.161832   -0.001932834  0.9414     1800       1    2510000 |              F
       5   [      10      17 ]      0.155830   -0.000310781  0.9422   5400   [      10      17 ]      0.155830   -0.000310781  0.9422     5400       1    3463600 |              F
       6                  NONE                                                               [      10      17 ]      0.155830   -0.000310781  0.9422     5400       1    3463600 |                                          -
       6   [      23      10 ]      0.218449   -0.142413434  0.9862   5400   [      10      17 ]      0.155830   -0.000310781  0.9422     5400       1    4020800 |              F
       7   [      10      17 ]      0.155830   -0.000310781  0.9422   5400   [      10      17 ]      0.155830   -0.000310781  0.9422     5400       1    4744800 |              F
       8   [      22      10 ]      0.213062   -0.002442163  0.9393   5400   [      10      17 ]      0.155830   -0.000310781  0.9422     5400       1    5635600 |              F
       9   [      14      15 ]      0.159249   -0.000820573  0.9411   5400   [      10      17 ]      0.155830   -0.000310781  0.9422     5400       1    7008400 |              F
      10                  NONE                                                               [      10      17 ]      0.155830   -0.000310781  0.9422     5400       1    7008400 |                                          -
      10   [      10      17 ]      0.155830   -0.000310781  0.9422   5400   [      10      17 ]      0.155830   -0.000310781  0.9422     5400       1    7732400 |              F
      11                  NONE                                                               [      10      17 ]      0.155830   -0.000310781  0.9422     5400       1    7732400 |                                          -
      11   [      16      14 ]      0.162419   -0.002724127  0.9435   5400   [      10      17 ]      0.155830   -0.000310781  0.9422     5400       1    8416400 |              F
      12   [      16      14 ]      0.162419   -0.002724127  0.9435   5400   [      10      17 ]      0.155830   -0.000310781  0.9422     5400       1    9100400 |              F
      13   [      22      10 ]      0.213062   -0.002442163  0.9393   5400   [      10      17 ]      0.155830   -0.000310781  0.9422     5400       1    9803200 |              F
      14   [      22      10 ]      0.213062   -0.002442163  0.9393   5400   [      10      17 ]      0.155830   -0.000310781  0.9422     5400       1   10796400 |              F
      15   [      22      10 ]      0.213062   -0.002442163  0.9393   5400   [      10      17 ]      0.155830   -0.000310781  0.9422     5400       1   11604400 |              F
      16   [      22      10 ]      0.213062   -0.002442163  0.9393   5400   [      10      17 ]      0.155830   -0.000310781  0.9422     5400       1   12430000 |              F
      17                  NONE                                                               [      10      17 ]      0.155830   -0.000310781  0.9422     5400       1   12430000 |                                          -
      17   [      22      10 ]      0.213062   -0.002442163  0.9393   5400   [      10      17 ]      0.155830   -0.000310781  0.9422     5400       1   13219200 |              F
      18   [      35       4 ]      0.523771   -0.004624799  0.9390   5400   [      10      17 ]      0.155830   -0.000310781  0.9422     5400       1   14015200 |              F
      19   [      22      10 ]      0.213062   -0.002442163  0.9393   5400   [      10      17 ]      0.155830   -0.000310781  0.9422     5400       1   14888000 |              F
      20   [      22      10 ]      0.213062   -0.002442163  0.9393   5400   [      10      17 ]      0.155830   -0.000310781  0.9422     5400       1   15865600 |              F
      21   [      22      10 ]      0.213062   -0.002442163  0.9393   5400   [      10      17 ]      0.155830   -0.000310781  0.9422     5400       1   16622400 |              F
      22   [      22      10 ]      0.213062   -0.002442163  0.9393   5400   [      10      17 ]      0.155830   -0.000310781  0.9422     5400       1   17379200 |              F
      23   [      22      10 ]      0.213062   -0.002442163  0.9393   5400   [      10      17 ]      0.155830   -0.000310781  0.9422     5400       1   18271200 |              F
      24   [      14      15 ]      0.159249   -0.000820573  0.9411   5400   [      10      17 ]      0.155830   -0.000310781  0.9422     5400       1   19762800 |              F
      25   [      22      10 ]      0.213062   -0.002442163  0.9393   5400   [      10      17 ]      0.155830   -0.000310781  0.9422     5400       1   20703600 |              F
      26   [      35       4 ]      0.523771   -0.004624799  0.9390   5400   [      10      17 ]      0.155830   -0.000310781  0.9422     5400       1   21518800 |              F
      27   [      22      10 ]      0.213062   -0.002442163  0.9393   5400   [      10      17 ]      0.155830   -0.000310781  0.9422     5400       1   22391600 |              F
      28   [      14      15 ]      0.159249   -0.000820573  0.9411   5400   [      10      17 ]      0.155830   -0.000310781  0.9422     5400       1   23849600 |              F
      29   [      35       4 ]      0.523771   -0.004624799  0.9390   5400   [      10      17 ]      0.155830   -0.000310781  0.9422     5400       1   24684000 |              F
      30   [       8      19 ]      0.155761   -0.002172534  0.9846   5400   [      10      17 ]      0.155830   -0.000310781  0.9422     5400       1   25582000 |              F
      31   [      22      10 ]      0.213062   -0.002442163  0.9393   5400   [       8      19 ]      0.155761   -0.002172534  0.9846     5400       1   26404400 |              F
      32                  NONE                                                               [       8      19 ]      0.155761   -0.002172534  0.9846     5400       1   26404400 |                                          -
      32   [      22      10 ]      0.213062   -0.002442163  0.9393   5400   [       8      19 ]      0.155761   -0.002172534  0.9846     5400       1   27281600 |              F
      33   [      22      10 ]      0.213062   -0.002442163  0.9393   5400   [       8      19 ]      0.155761   -0.002172534  0.9846     5400       1   28158800 |              F
      34   [      37       3 ]      0.622426   -0.000205846  0.9478  16200   [       8      19 ]      0.161773   -0.001044855  0.9652    16200       1   31806000 |              F
      35   [      22      10 ]      0.245178   -0.015324221  0.9525  16200   [       8      19 ]      0.161773   -0.001044855  0.9652    16200       1   32821600 |              F
      36                  NONE                                                               [       8      19 ]      0.161773   -0.001044855  0.9652    16200       1   32821600 |                                          -
      36   [      22      10 ]      0.245178   -0.015324221  0.9525  16200   [       8      19 ]      0.161773   -0.001044855  0.9652    16200       1   33837200 |              F
      37   [      10      17 ]      0.162382   -0.001065753  0.9540  16200   [       8      19 ]      0.161773   -0.001044855  0.9652    16200       1   35121600 |              F
      38   [      37       3 ]      0.622426   -0.000205846  0.9478  16200   [       8      19 ]      0.161773   -0.001044855  0.9652    16200       1   38526800 |              F
      39   [      14      15 ]      0.166539   -0.000210008  0.9485  16200   [       8      19 ]      0.161773   -0.001044855  0.9652    16200       1   40192800 |              F
      40                  NONE                                                               [       8      19 ]      0.161773   -0.001044855  0.9652    16200       1   40192800 |                                          -
      40   [      22      10 ]      0.245178   -0.015324221  0.9525  16200   [       8      19 ]      0.161773   -0.001044855  0.9652    16200       1   41514400 |              F
      41   [       8      19 ]      0.161773   -0.001044855  0.9652  16200   [       8      19 ]      0.161773   -0.001044855  0.9652    16200       1   42974800 |              F
      42   [      22      10 ]      0.245178   -0.015324221  0.9525  16200   [       8      19 ]      0.161773   -0.001044855  0.9652    16200       1   44260400 |              F
      43   [      10      17 ]      0.162382   -0.001065753  0.9540  16200   [       8      19 ]      0.161773   -0.001044855  0.9652    16200       1   45544800 |              F
      44   [      10      17 ]      0.162382   -0.001065753  0.9540  16200   [       8      19 ]      0.161773   -0.001044855  0.9652    16200       1   46629600 |              F
      45   [      37       3 ]      0.622426   -0.000205846  0.9478  16200   [       8      19 ]      0.161773   -0.001044855  0.9652    16200       1   50034800 |              F
