
--------------------------------------------------------------------------------------------------------------------------------------------------------------------------------------------------|----------X_r-------------------------------
 Restart                             Suggested                                                                         Current                                                              Total |                                Feasibility/
     No.                              Solution                                                                            Best                                                               Work |                                  Optimality
       r                                   X_r            gk             fk    phat     mk                               Z_r-1             gk             fk     phat   mkprev              (w_r) |             g             f
--------------------------------------------------------------------------------------------------------------------------------------------------------------------------------------------------|----------X_r-------------------------------
       1   [      10      17 ]      0.155830   -0.000310781  0.9422   5400                                                                                                 818000 |              F
       2   [      10      17 ]      0.155830   -0.000310781  0.9422   5400   [      10      17 ]      0.155830   -0.000310781  0.9422     5400       1    1532400 |              F
       3   [      16      14 ]      0.162419   -0.002724127  0.9435   5400   [      10      17 ]      0.155830   -0.000310781  0.9422     5400       1    2216400 |              F
       4   [      14      15 ]      0.159249   -0.000820573  0.9411   5400   [      10      17 ]      0.155830   -0.000310781  0.9422     5400       1    3660000 |              F
       5   [      14      15 ]      0.159249   -0.000820573  0.9411   5400   [      10      17 ]      0.155830   -0.000310781  0.9422     5400       1    5050800 |              F
       6   [      22      10 ]      0.213062   -0.002442163  0.9393   5400   [      10      17 ]      0.155830   -0.000310781  0.9422     5400       1    5942800 |              F
       7   [       8      19 ]      0.155761   -0.002172534  0.9846   5400   [      10      17 ]      0.155830   -0.000310781  0.9422     5400       1    7162400 |              F
       8   [      14      15 ]      0.159249   -0.000820573  0.9411   5400   [       8      19 ]      0.155761   -0.002172534  0.9846     5400       1    8586800 |              F
       9   [      22      10 ]      0.213062   -0.002442163  0.9393   5400   [       8      19 ]      0.155761   -0.002172534  0.9846     5400       1    9337600 |              F
      10                  NONE                                                               [       8      19 ]      0.155761   -0.002172534  0.9846     5400       1    9337600 |                                          -
      10   [       8      19 ]      0.155761   -0.002172534  0.9846   5400   [       8      19 ]      0.155761   -0.002172534  0.9846     5400       1   10022000 |              F
      11   [      35       4 ]      0.523771   -0.004624799  0.9390   5400   [       8      19 ]      0.155761   -0.002172534  0.9846     5400       1   10782400 |              F
      12   [      23      10 ]      0.218449   -0.142413434  0.9862   5400   [       8      19 ]      0.155761   -0.002172534  0.9846     5400       1   11405600 |              F
      13                  NONE                                                               [       8      19 ]      0.155761   -0.002172534  0.9846     5400       1   11405600 |                                          -
      13                  NONE                                                               [       8      19 ]      0.155761   -0.002172534  0.9846     5400       1   11405600 |                                          -
      13   [      14      15 ]      0.159249   -0.000820573  0.9411   5400   [       8      19 ]      0.155761   -0.002172534  0.9846     5400       1   12796400 |              F
      14   [      35       4 ]      0.523771   -0.004624799  0.9390   5400   [       8      19 ]      0.155761   -0.002172534  0.9846     5400       1   13541200 |              F
      15   [      23      10 ]      0.218449   -0.142413434  0.9862   5400   [       8      19 ]      0.155761   -0.002172534  0.9846     5400       1   14129600 |              F
      16                  NONE                                                               [       8      19 ]      0.155761   -0.002172534  0.9846     5400       1   14129600 |                                          -
      16                  NONE                                                               [       8      19 ]      0.155761   -0.002172534  0.9846     5400       1   14129600 |                                          -
      16   [      35       4 ]      0.523771   -0.004624799  0.9390   5400   [       8      19 ]      0.155761   -0.002172534  0.9846     5400       1   14856400 |              F
      17   [       8      19 ]      0.155761   -0.002172534  0.9846   5400   [       8      19 ]      0.155761   -0.002172534  0.9846     5400       1   15737600 |              F
      18   [      22      10 ]      0.213062   -0.002442163  0.9393   5400   [       8      19 ]      0.155761   -0.002172534  0.9846     5400       1   16440400 |              F
      19                  NONE                                                               [       8      19 ]      0.155761   -0.002172534  0.9846     5400       1   16440400 |                                          -
      19   [      22      10 ]      0.213062   -0.002442163  0.9393   5400   [       8      19 ]      0.155761   -0.002172534  0.9846     5400       1   17345200 |              F
      20   [      14      15 ]      0.159249   -0.000820573  0.9411   5400   [       8      19 ]      0.155761   -0.002172534  0.9846     5400       1   18820000 |              F
      21   [      22      10 ]      0.213062   -0.002442163  0.9393   5400   [       8      19 ]      0.155761   -0.002172534  0.9846     5400       1   19724800 |              F
      22   [      10      17 ]      0.155830   -0.000310781  0.9422   5400   [       8      19 ]      0.155761   -0.002172534  0.9846     5400       1   20534400 |              F
      23   [      22      10 ]      0.213062   -0.002442163  0.9393   5400   [       8      19 ]      0.155761   -0.002172534  0.9846     5400       1   21389200 |              F
      24   [      22      10 ]      0.213062   -0.002442163  0.9393   5400   [       8      19 ]      0.155761   -0.002172534  0.9846     5400       1   22366800 |              F
      25   [      35       4 ]      0.523771   -0.004624799  0.9390   5400   [       8      19 ]      0.155761   -0.002172534  0.9846     5400       1   23111600 |              F
      26   [      37       3 ]      0.622426   -0.000205846  0.9478  16200   [       8      19 ]      0.161773   -0.001044855  0.9652    16200       1   26755200 |              F
      27   [      10      17 ]      0.162382   -0.001065753  0.9540  16200   [       8      19 ]      0.161773   -0.001044855  0.9652    16200       1   27888000 |              F
      28   [      37       3 ]      0.622426   -0.000205846  0.9478  16200   [       8      19 ]      0.161773   -0.001044855  0.9652    16200       1   31293200 |              F
      29   [      14      15 ]      0.166539   -0.000210008  0.9485  16200   [       8      19 ]      0.161773   -0.001044855  0.9652    16200       1   33012000 |              F
      30   [      14      15 ]      0.166539   -0.000210008  0.9485  16200   [       8      19 ]      0.161773   -0.001044855  0.9652    16200       1   34763200 |              F
      31   [      14      15 ]      0.166539   -0.000210008  0.9485  16200   [       8      19 ]      0.161773   -0.001044855  0.9652    16200       1   36464000 |              F
      32                  NONE                                                               [       8      19 ]      0.161773   -0.001044855  0.9652    16200       1   36464000 |                                          -
      32   [      14      15 ]      0.166539   -0.000210008  0.9485  16200   [       8      19 ]      0.161773   -0.001044855  0.9652    16200       1   38115600 |              F
      33   [       8      19 ]      0.161773   -0.001044855  0.9652  16200   [       8      19 ]      0.161773   -0.001044855  0.9652    16200       1   39883600 |              F
      34                  NONE                                                               [       8      19 ]      0.161773   -0.001044855  0.9652    16200       1   39883600 |                                          -
      34   [      22      10 ]      0.245178   -0.015324221  0.9525  16200   [       8      19 ]      0.161773   -0.001044855  0.9652    16200       1   40967600 |              F
      35   [      14      15 ]      0.166539   -0.000210008  0.9485  16200   [       8      19 ]      0.161773   -0.001044855  0.9652    16200       1   42718800 |              F
      36   [       8      19 ]      0.161773   -0.001044855  0.9652  16200   [       8      19 ]      0.161773   -0.001044855  0.9652    16200       1   43842000 |              F
      37   [      22      10 ]      0.245178   -0.015324221  0.9525  16200   [       8      19 ]      0.161773   -0.001044855  0.9652    16200       1   45144400 |              F
      38   [      35       4 ]      0.539884   -0.004554722  0.9482  16200   [       8      19 ]      0.161773   -0.001044855  0.9652    16200       1   46233200 |              F
      39   [      10      17 ]      0.162382   -0.001065753  0.9540  16200   [       8      19 ]      0.161773   -0.001044855  0.9652    16200       1   47331200 |              F
      40   [       8      19 ]      0.161773   -0.001044855  0.9652  16200   [       8      19 ]      0.161773   -0.001044855  0.9652    16200       1   49095600 |              F
      41   [       8      19 ]      0.161773   -0.001044855  0.9652  16200   [       8      19 ]      0.161773   -0.001044855  0.9652    16200       1   50876800 |              F
