
--------------------------------------------------------------------------------------------------------------------------------------------------------------------------------------------------|----------X_r-------------------------------
 Restart                             Suggested                                                                         Current                                                              Total |                                Feasibility/
     No.                              Solution                                                                            Best                                                               Work |                                  Optimality
       r                                   X_r            gk             fk    phat     mk                               Z_r-1             gk             fk     phat   mkprev              (w_r) |             g             f
--------------------------------------------------------------------------------------------------------------------------------------------------------------------------------------------------|----------X_r-------------------------------
       1   [      23      10 ]      0.252893   -0.017186737  0.9208    600                                                                                                 616800 |              F
       2   [      10      17 ]      0.161832   -0.001932834  0.9414   1800   [      23      10 ]      0.226492   -0.000248838  0.9271     1800       1    1291600 |              F
       3                  NONE                                                               [      10      17 ]      0.161832   -0.001932834  0.9414     1800       1    1291600 |                                          -
       3   [      22      10 ]      0.213062   -0.002442163  0.9393   5400   [      10      17 ]      0.155830   -0.000310781  0.9422     5400       1    2314400 |              F
       4   [      44       0 ]      1.000000   -7.000000000  1.0000  48600   [      10      17 ]      0.160194   -0.000296412  0.9625    48600       1    3579600 |              F
       5   [      10      17 ]      0.160194   -0.000296412  0.9625  48600   [      10      17 ]      0.160194   -0.000296412  0.9625    48600       1    5245600 |              F
       6   [      35       4 ]      0.540570   -0.004337900  0.9577  48600   [      10      17 ]      0.160194   -0.000296412  0.9625    48600       1    6816800 |              F
       7   [      22      10 ]      0.242450   -0.002971822  0.9584  48600   [      10      17 ]      0.160194   -0.000296412  0.9625    48600       1    8467600 |              F
       8   [      35       4 ]      0.540570   -0.004337900  0.9577  48600   [      10      17 ]      0.160194   -0.000296412  0.9625    48600       1   10193600 |              F
       9                  NONE                                                               [      10      17 ]      0.160194   -0.000296412  0.9625    48600       1   10193600 |                                          -
       9                  NONE                                                               [      10      17 ]      0.160194   -0.000296412  0.9625    48600       1   10193600 |                                          -
       9   [      22      10 ]      0.242450   -0.002971822  0.9584  48600   [      10      17 ]      0.160194   -0.000296412  0.9625    48600       1   11906400 |              F
      10   [      35       4 ]      0.540570   -0.004337900  0.9577  48600   [      10      17 ]      0.160194   -0.000296412  0.9625    48600       1   13614400 |              F
      11   [      35       4 ]      0.540570   -0.004337900  0.9577  48600   [      10      17 ]      0.160194   -0.000296412  0.9625    48600       1   15322400 |              F
      12   [      35       4 ]      0.540570   -0.004337900  0.9577  48600   [      10      17 ]      0.160194   -0.000296412  0.9625    48600       1   17011200 |              F
      13   [      10      17 ]      0.160194   -0.000296412  0.9625  48600   [      10      17 ]      0.160194   -0.000296412  0.9625    48600       1   18482400 |              F
      14   [      14      15 ]      0.163876   -0.000374730  0.9588  48600   [      10      17 ]      0.160194   -0.000296412  0.9625    48600       1   20190400 |              F
      15                  NONE                                                               [      10      17 ]      0.160194   -0.000296412  0.9625    48600       1   20190400 |                                          -
      15                  NONE                                                               [      10      17 ]      0.160194   -0.000296412  0.9625    48600       1   20190400 |                                          -
      15                  NONE                                                               [      10      17 ]      0.160194   -0.000296412  0.9625    48600       1   20190400 |                                          -
      15   [      22      10 ]      0.242450   -0.002971822  0.9584  48600   [      10      17 ]      0.160194   -0.000296412  0.9625    48600       1   21823200 |              F
      16   [      35       4 ]      0.540570   -0.004337900  0.9577  48600   [      10      17 ]      0.160194   -0.000296412  0.9625    48600       1   23550400 |              F
      17   [      35       4 ]      0.540570   -0.004337900  0.9577  48600   [      10      17 ]      0.160194   -0.000296412  0.9625    48600       1   25240400 |              F
      18                  NONE                                                               [      10      17 ]      0.160194   -0.000296412  0.9625    48600       1   25240400 |                                          -
      18   [      35       4 ]      0.540570   -0.004337900  0.9577  48600   [      10      17 ]      0.160194   -0.000296412  0.9625    48600       1   26860000 |              F
      19                  NONE                                                               [      10      17 ]      0.160194   -0.000296412  0.9625    48600       1   26860000 |                                          -
      19   [      23      10 ]      0.242446   -0.002399524  0.9581  48600   [      10      17 ]      0.160194   -0.000296412  0.9625    48600       1   28321200 |              F
      20   [      14      15 ]      0.163876   -0.000374730  0.9588  48600   [      10      17 ]      0.160194   -0.000296412  0.9625    48600       1   30608000 |              F
      21   [      37       3 ]      0.624521   -0.007359593  0.9581  48600   [      10      17 ]      0.160194   -0.000296412  0.9625    48600       1   34906000 |              F
      22   [      22      10 ]      0.242450   -0.002971822  0.9584  48600   [      10      17 ]      0.160194   -0.000296412  0.9625    48600       1   36690800 |              F
      23   [       8      19 ]      0.159450   -0.000088719  0.9619  48600   [      10      17 ]      0.160194   -0.000296412  0.9625    48600       1   38160000 |              F
      24   [      22      10 ]      0.242450   -0.002971822  0.9584  48600   [       8      19 ]      0.159450   -0.000088719  0.9619    48600       1   40046000 |              F
      25   [       8      19 ]      0.159450   -0.000088719  0.9619  48600   [       8      19 ]      0.159450   -0.000088719  0.9619    48600       1   41475600 |              F
      26                  NONE                                                               [       8      19 ]      0.159450   -0.000088719  0.9619    48600       1   41475600 |                                          -
      26   [      14      15 ]      0.163876   -0.000374730  0.9588  48600   [       8      19 ]      0.159450   -0.000088719  0.9619    48600       1   43794800 |              F
      27                  NONE                                                               [       8      19 ]      0.159450   -0.000088719  0.9619    48600       1   43794800 |                                          -
      27   [      10      17 ]      0.160194   -0.000296412  0.9625  48600   [       8      19 ]      0.159450   -0.000088719  0.9619    48600       1   45578400 |              F
      28   [       8      19 ]      0.159450   -0.000088719  0.9619  48600   [       8      19 ]      0.159450   -0.000088719  0.9619    48600       1   47220400 |              F
      29                  NONE                                                               [       8      19 ]      0.159450   -0.000088719  0.9619    48600       1   47220400 |                                          -
      29                  NONE                                                               [       8      19 ]      0.159450   -0.000088719  0.9619    48600       1   47220400 |                                          -
      29   [      44       0 ]      1.000000   -7.000000000  1.0000  48600   [       8      19 ]      0.159450   -0.000088719  0.9619    48600       1   47642400 |              F
      30   [      35       4 ]      0.540570   -0.004337900  0.9577  48600   [       8      19 ]      0.159450   -0.000088719  0.9619    48600       1   49213600 |              F
      31   [      10      17 ]      0.160194   -0.000296412  0.9625  48600   [       8      19 ]      0.159450   -0.000088719  0.9619    48600       1   50880800 |              F
