
--------------------------------------------------------------------------------------------------------------------------------------------------------------------------------------------------|----------X_r-------------------------------
 Restart                             Suggested                                                                         Current                                                              Total |                                Feasibility/
     No.                              Solution                                                                            Best                                                               Work |                                  Optimality
       r                                   X_r            gk             fk    phat     mk                               Z_r-1             gk             fk     phat   mkprev              (w_r) |             g             f
--------------------------------------------------------------------------------------------------------------------------------------------------------------------------------------------------|----------X_r-------------------------------
       1                  NONE                                                                                                                                                               0 |                                          -
       1   [      35       4 ]      0.523771   -0.004624799  0.9390   5400                                                                                                 696400 |              F
       2   [      35       4 ]      0.523771   -0.004624799  0.9390   5400   [      35       4 ]      0.523771   -0.004624799  0.9390     5400       1    1374800 |              F
       3   [      23      10 ]      0.218449   -0.142413434  0.9862   5400   [      35       4 ]      0.523771   -0.004624799  0.9390     5400       1    2065200 |              F
       4   [      14      15 ]      0.159249   -0.000820573  0.9411   5400   [      23      10 ]      0.218449   -0.142413434  0.9862     5400       1    3489600 |              F
       5   [       8      19 ]      0.155761   -0.002172534  0.9846   5400   [      14      15 ]      0.159249   -0.000820573  0.9411     5400       1    4403200 |              F
       6   [      35       4 ]      0.523771   -0.004624799  0.9390   5400   [       8      19 ]      0.155761   -0.002172534  0.9846     5400       1    5151200 |              F
       7   [      35       4 ]      0.523771   -0.004624799  0.9390   5400   [       8      19 ]      0.155761   -0.002172534  0.9846     5400       1    5811600 |              F
       8   [      22      10 ]      0.213062   -0.002442163  0.9393   5400   [       8      19 ]      0.155761   -0.002172534  0.9846     5400       1    6600800 |              F
       9   [      10      17 ]      0.155830   -0.000310781  0.9422   5400   [       8      19 ]      0.155761   -0.002172534  0.9846     5400       1    7423600 |              F
      10   [      14      15 ]      0.159249   -0.000820573  0.9411   5400   [       8      19 ]      0.155761   -0.002172534  0.9846     5400       1    8848000 |              F
      11   [      14      15 ]      0.159249   -0.000820573  0.9411   5400   [       8      19 ]      0.155761   -0.002172534  0.9846     5400       1   10273600 |              F
      12   [      14      15 ]      0.159249   -0.000820573  0.9411   5400   [       8      19 ]      0.155761   -0.002172534  0.9846     5400       1   11698000 |              F
      13   [      23      10 ]      0.218449   -0.142413434  0.9862   5400   [       8      19 ]      0.155761   -0.002172534  0.9846     5400       1   12352400 |              F
      14   [      22      10 ]      0.213062   -0.002442163  0.9393   5400   [       8      19 ]      0.155761   -0.002172534  0.9846     5400       1   13055200 |              F
      15   [      22      10 ]      0.213062   -0.002442163  0.9393   5400   [       8      19 ]      0.155761   -0.002172534  0.9846     5400       1   13918400 |              F
      16   [      22      10 ]      0.213062   -0.002442163  0.9393   5400   [       8      19 ]      0.155761   -0.002172534  0.9846     5400       1   14929200 |              F
      17   [       8      19 ]      0.155761   -0.002172534  0.9846   5400   [       8      19 ]      0.155761   -0.002172534  0.9846     5400       1   15829600 |              F
      18   [      22      10 ]      0.213062   -0.002442163  0.9393   5400   [       8      19 ]      0.155761   -0.002172534  0.9846     5400       1   16580400 |              F
      19   [      35       4 ]      0.523771   -0.004624799  0.9390   5400   [       8      19 ]      0.155761   -0.002172534  0.9846     5400       1   17340800 |              F
      20   [      45       0 ]      1.000000   -7.000000000  1.0000  48600   [       8      19 ]      0.159450   -0.000088719  0.9619    48600       1   18420000 |              F
      21   [       8      19 ]      0.159450   -0.000088719  0.9619  48600   [       8      19 ]      0.159450   -0.000088719  0.9619    48600       1   20077600 |              F
      22   [       8      19 ]      0.159450   -0.000088719  0.9619  48600   [       8      19 ]      0.159450   -0.000088719  0.9619    48600       1   21735200 |              F
      23   [      10      17 ]      0.160194   -0.000296412  0.9625  48600   [       8      19 ]      0.159450   -0.000088719  0.9619    48600       1   23213600 |              F
      24   [      10      17 ]      0.160194   -0.000296412  0.9625  48600   [       8      19 ]      0.159450   -0.000088719  0.9619    48600       1   25080400 |              F
      25   [      10      17 ]      0.160194   -0.000296412  0.9625  48600   [       8      19 ]      0.159450   -0.000088719  0.9619    48600       1   26778800 |              F
      26   [      35       4 ]      0.540570   -0.004337900  0.9577  48600   [       8      19 ]      0.159450   -0.000088719  0.9619    48600       1   28486800 |              F
      27   [      14      15 ]      0.163876   -0.000374730  0.9588  48600   [       8      19 ]      0.159450   -0.000088719  0.9619    48600       1   30773600 |              F
      28                  NONE                                                               [       8      19 ]      0.159450   -0.000088719  0.9619    48600       1   30773600 |                                          -
      28   [      10      17 ]      0.160194   -0.000296412  0.9625  48600   [       8      19 ]      0.159450   -0.000088719  0.9619    48600       1   32474400 |              F
      29   [      14      15 ]      0.163876   -0.000374730  0.9588  48600   [       8      19 ]      0.159450   -0.000088719  0.9619    48600       1   34846400 |              F
      30   [      35       4 ]      0.540570   -0.004337900  0.9577  48600   [       8      19 ]      0.159450   -0.000088719  0.9619    48600       1   36520000 |              F
      31   [      22      10 ]      0.242450   -0.002971822  0.9584  48600   [       8      19 ]      0.159450   -0.000088719  0.9619    48600       1   38235200 |              F
      32   [      35       4 ]      0.540570   -0.004337900  0.9577  48600   [       8      19 ]      0.159450   -0.000088719  0.9619    48600       1   39925200 |              F
      33   [      35       4 ]      0.540570   -0.004337900  0.9577  48600   [       8      19 ]      0.159450   -0.000088719  0.9619    48600       1   41633200 |              F
      34   [      22      10 ]      0.242450   -0.002971822  0.9584  48600   [       8      19 ]      0.159450   -0.000088719  0.9619    48600       1   43609200 |              F
      35                  NONE                                                               [       8      19 ]      0.159450   -0.000088719  0.9619    48600       1   43609200 |                                          -
      35   [      10      17 ]      0.160194   -0.000296412  0.9625  48600   [       8      19 ]      0.159450   -0.000088719  0.9619    48600       1   45476000 |              F
      36                  NONE                                                               [       8      19 ]      0.159450   -0.000088719  0.9619    48600       1   45476000 |                                          -
      36   [       8      19 ]      0.159450   -0.000088719  0.9619  48600   [       8      19 ]      0.159450   -0.000088719  0.9619    48600       1   47085600 |              F
      37   [      22      10 ]      0.242450   -0.002971822  0.9584  48600   [       8      19 ]      0.159450   -0.000088719  0.9619    48600       1   48865600 |              F
      38   [      35       4 ]      0.540570   -0.004337900  0.9577  48600   [       8      19 ]      0.159450   -0.000088719  0.9619    48600       1   50573600 |              F
