
--------------------------------------------------------------------------------------------------------------------------------------------------------------------------------------------------|----------X_r-------------------------------
 Restart                             Suggested                                                                         Current                                                              Total |                                Feasibility/
     No.                              Solution                                                                            Best                                                               Work |                                  Optimality
       r                                   X_r            gk             fk    phat     mk                               Z_r-1             gk             fk     phat   mkprev              (w_r) |             g             f
--------------------------------------------------------------------------------------------------------------------------------------------------------------------------------------------------|----------X_r-------------------------------
       1   [       8      19 ]      0.155761   -0.002172534  0.9846   5400                                                                                                 913600 |              F
       2   [      10      17 ]      0.155830   -0.000310781  0.9422   5400   [       8      19 ]      0.155761   -0.002172534  0.9846     5400       1    1771200 |              F
       3   [      22      10 ]      0.213062   -0.002442163  0.9393   5400   [       8      19 ]      0.155761   -0.002172534  0.9846     5400       1    2456800 |              F
       4   [      22      10 ]      0.213062   -0.002442163  0.9393   5400   [       8      19 ]      0.155761   -0.002172534  0.9846     5400       1    3174000 |              F
       5   [      22      10 ]      0.213062   -0.002442163  0.9393   5400   [       8      19 ]      0.155761   -0.002172534  0.9846     5400       1    4009600 |              F
       6                  NONE                                                               [       8      19 ]      0.155761   -0.002172534  0.9846     5400       1    4009600 |                                          -
       6   [      23      10 ]      0.218449   -0.142413434  0.9862   5400   [       8      19 ]      0.155761   -0.002172534  0.9846     5400       1    4550000 |              F
       7   [      14      15 ]      0.159249   -0.000820573  0.9411   5400   [       8      19 ]      0.155761   -0.002172534  0.9846     5400       1    5956400 |              F
       8                  NONE                                                               [       8      19 ]      0.155761   -0.002172534  0.9846     5400       1    5956400 |                                          -
       8   [      22      10 ]      0.213062   -0.002442163  0.9393   5400   [       8      19 ]      0.155761   -0.002172534  0.9846     5400       1    6659200 |              F
       9   [      37       3 ]      0.622426   -0.000205846  0.9478  16200   [       8      19 ]      0.161773   -0.001044855  0.9652    16200       1   10306400 |              F
      10   [      37       3 ]      0.622426   -0.000205846  0.9478  16200   [       8      19 ]      0.161773   -0.001044855  0.9652    16200       1   13712800 |              F
      11   [      22      10 ]      0.245178   -0.015324221  0.9525  16200   [       8      19 ]      0.161773   -0.001044855  0.9652    16200       1   14827600 |              F
      12   [       8      19 ]      0.161773   -0.001044855  0.9652  16200   [       8      19 ]      0.161773   -0.001044855  0.9652    16200       1   15793600 |              F
      13   [      35       4 ]      0.539884   -0.004554722  0.9482  16200   [       8      19 ]      0.161773   -0.001044855  0.9652    16200       1   16901200 |              F
      14   [      10      17 ]      0.162382   -0.001065753  0.9540  16200   [       8      19 ]      0.161773   -0.001044855  0.9652    16200       1   18034000 |              F
      15   [       8      19 ]      0.161773   -0.001044855  0.9652  16200   [       8      19 ]      0.161773   -0.001044855  0.9652    16200       1   18955600 |              F
      16                  NONE                                                               [       8      19 ]      0.161773   -0.001044855  0.9652    16200       1   18955600 |                                          -
      16   [      22      10 ]      0.245178   -0.015324221  0.9525  16200   [       8      19 ]      0.161773   -0.001044855  0.9652    16200       1   19898800 |              F
      17   [      22      10 ]      0.245178   -0.015324221  0.9525  16200   [       8      19 ]      0.161773   -0.001044855  0.9652    16200       1   21115600 |              F
      18                  NONE                                                               [       8      19 ]      0.161773   -0.001044855  0.9652    16200       1   21115600 |                                          -
      18   [      35       4 ]      0.539884   -0.004554722  0.9482  16200   [       8      19 ]      0.161773   -0.001044855  0.9652    16200       1   22167200 |              F
      19   [      35       4 ]      0.539884   -0.004554722  0.9482  16200   [       8      19 ]      0.161773   -0.001044855  0.9652    16200       1   23256800 |              F
      20   [      14      15 ]      0.166539   -0.000210008  0.9485  16200   [       8      19 ]      0.161773   -0.001044855  0.9652    16200       1   25023600 |              F
      21   [      35       4 ]      0.539884   -0.004554722  0.9482  16200   [       8      19 ]      0.161773   -0.001044855  0.9652    16200       1   26042800 |              F
      22   [      22      10 ]      0.245178   -0.015324221  0.9525  16200   [       8      19 ]      0.161773   -0.001044855  0.9652    16200       1   27138400 |              F
      23                  NONE                                                               [       8      19 ]      0.161773   -0.001044855  0.9652    16200       1   27138400 |                                          -
      23   [      14      15 ]      0.166539   -0.000210008  0.9485  16200   [       8      19 ]      0.161773   -0.001044855  0.9652    16200       1   28260400 |              F
      24   [       8      19 ]      0.161773   -0.001044855  0.9652  16200   [       8      19 ]      0.161773   -0.001044855  0.9652    16200       1   29399200 |              F
      25                  NONE                                                               [       8      19 ]      0.161773   -0.001044855  0.9652    16200       1   29399200 |                                          -
      25   [      10      17 ]      0.162382   -0.001065753  0.9540  16200   [       8      19 ]      0.161773   -0.001044855  0.9652    16200       1   30532000 |              F
      26   [      35       4 ]      0.539884   -0.004554722  0.9482  16200   [       8      19 ]      0.161773   -0.001044855  0.9652    16200       1   31658800 |              F
      27   [      22      10 ]      0.245178   -0.015324221  0.9525  16200   [       8      19 ]      0.161773   -0.001044855  0.9652    16200       1   32843200 |              F
      28   [      22      10 ]      0.245178   -0.015324221  0.9525  16200   [       8      19 ]      0.161773   -0.001044855  0.9652    16200       1   33955600 |              F
      29   [      22      10 ]      0.245178   -0.015324221  0.9525  16200   [       8      19 ]      0.161773   -0.001044855  0.9652    16200       1   35295200 |              F
      30   [      14      15 ]      0.166539   -0.000210008  0.9485  16200   [       8      19 ]      0.161773   -0.001044855  0.9652    16200       1   37086000 |              F
      31   [      14      15 ]      0.166539   -0.000210008  0.9485  16200   [       8      19 ]      0.161773   -0.001044855  0.9652    16200       1   38785600 |              F
      32   [      35       4 ]      0.539884   -0.004554722  0.9482  16200   [       8      19 ]      0.161773   -0.001044855  0.9652    16200       1   39772000 |              F
      33   [      14      15 ]      0.166539   -0.000210008  0.9485  16200   [       8      19 ]      0.161773   -0.001044855  0.9652    16200       1   40912000 |              F
      34   [      22      10 ]      0.245178   -0.015324221  0.9525  16200   [       8      19 ]      0.161773   -0.001044855  0.9652    16200       1   42007600 |              F
      35                  NONE                                                               [       8      19 ]      0.161773   -0.001044855  0.9652    16200       1   42007600 |                                          -
      35   [      22      10 ]      0.245178   -0.015324221  0.9525  16200   [       8      19 ]      0.161773   -0.001044855  0.9652    16200       1   43293200 |              F
      36   [      37       3 ]      0.622426   -0.000205846  0.9478  16200   [       8      19 ]      0.161773   -0.001044855  0.9652    16200       1   46696000 |              F
      37                  NONE                                                               [       8      19 ]      0.161773   -0.001044855  0.9652    16200       1   46696000 |                                          -
      37                  NONE                                                               [       8      19 ]      0.161773   -0.001044855  0.9652    16200       1   46696000 |                                          -
      37   [      22      10 ]      0.245178   -0.015324221  0.9525  16200   [       8      19 ]      0.161773   -0.001044855  0.9652    16200       1   47861200 |              F
      38   [      10      17 ]      0.162382   -0.001065753  0.9540  16200   [       8      19 ]      0.161773   -0.001044855  0.9652    16200       1   48959200 |              F
      39   [      10      17 ]      0.162382   -0.001065753  0.9540  16200   [       8      19 ]      0.161773   -0.001044855  0.9652    16200       1   50174800 |              F
