
--------------------------------------------------------------------------------------------------------------------------------------------------------------------------------------------------|----------X_r-------------------------------
 Restart                             Suggested                                                                         Current                                                              Total |                                Feasibility/
     No.                              Solution                                                                            Best                                                               Work |                                  Optimality
       r                                   X_r            gk             fk    phat     mk                               Z_r-1             gk             fk     phat   mkprev              (w_r) |             g             f
--------------------------------------------------------------------------------------------------------------------------------------------------------------------------------------------------|----------X_r-------------------------------
       1   [       3      20 ]      0.013218   -0.003355695  0.9668  16200                                                                                                 714400 |              F
       2   [      46       3 ]      0.348851   -0.050648363  0.9507  16200   [       3      20 ]      0.013218   -0.003355695  0.9668    16200       1    1834800 |              F
       3   [      44       4 ]      0.284571   -0.002037721  0.9479  16200   [       3      20 ]      0.013218   -0.003355695  0.9668    16200       1    2728800 |              F
       4   [      44       4 ]      0.284571   -0.002037721  0.9479  16200   [       3      20 ]      0.013218   -0.003355695  0.9668    16200       1    3667600 |              F
       5   [      44       4 ]      0.284571   -0.002037721  0.9479  16200   [       3      20 ]      0.013218   -0.003355695  0.9668    16200       1    4554800 |              F
       6   [      21      12 ]      0.053051   -0.000845649  0.9480  16200   [       3      20 ]      0.013218   -0.003355695  0.9668    16200       1    5448400 |              F
       7   [      21      12 ]      0.053051   -0.000845649  0.9480  16200   [       3      20 ]      0.013218   -0.003355695  0.9668    16200       1    6329600 |              F
       8   [       6      18 ]      0.013923   -0.001026430  0.9502  16200   [       3      20 ]      0.013218   -0.003355695  0.9668    16200       1    7157200 |              F
       9   [      14      15 ]      0.022506   -0.000132085  0.9479  16200   [       3      20 ]      0.013218   -0.003355695  0.9668    16200       1    8554800 |              F
      10   [       5      19 ]      0.013257   -0.000491402  0.9496  16200   [       3      20 ]      0.013218   -0.003355695  0.9668    16200       1    9346000 |              F
      11   [      21      12 ]      0.053051   -0.000845649  0.9480  16200   [       3      20 ]      0.013218   -0.003355695  0.9668    16200       1   10251200 |              F
      12   [      23      11 ]      0.066862   -0.015337924  0.9509  16200   [       3      20 ]      0.013218   -0.003355695  0.9668    16200       1   11216800 |              F
      13   [      46       3 ]      0.348851   -0.050648363  0.9507  16200   [       3      20 ]      0.013218   -0.003355695  0.9668    16200       1   12343200 |              F
      14   [      44       4 ]      0.284571   -0.002037721  0.9479  16200   [       3      20 ]      0.013218   -0.003355695  0.9668    16200       1   13305600 |              F
      15   [      21      12 ]      0.053051   -0.000845649  0.9480  16200   [       3      20 ]      0.013218   -0.003355695  0.9668    16200       1   14183600 |              F
      16   [      44       4 ]      0.284571   -0.002037721  0.9479  16200   [       3      20 ]      0.013218   -0.003355695  0.9668    16200       1   15146000 |              F
      17   [      35       7 ]      0.162892   -0.001287282  0.9479  16200   [       3      20 ]      0.013218   -0.003355695  0.9668    16200       1   16292400 |              F
      18   [      35       7 ]      0.162892   -0.001287282  0.9479  16200   [       3      20 ]      0.013218   -0.003355695  0.9668    16200       1   17386400 |              F
      19   [       8      17 ]      0.015684   -0.001615668  0.9505  16200   [       3      20 ]      0.013218   -0.003355695  0.9668    16200       1   18201600 |              F
      20   [      35       7 ]      0.162892   -0.001287282  0.9479  16200   [       3      20 ]      0.013218   -0.003355695  0.9668    16200       1   19336000 |              F
      21   [      21      12 ]      0.053051   -0.000845649  0.9480  16200   [       3      20 ]      0.013218   -0.003355695  0.9668    16200       1   21069600 |              F
      22   [      23      11 ]      0.066862   -0.015337924  0.9509  16200   [       3      20 ]      0.013218   -0.003355695  0.9668    16200       1   22047200 |              F
      23   [       8      17 ]      0.015684   -0.001615668  0.9505  16200   [       3      20 ]      0.013218   -0.003355695  0.9668    16200       1   22854000 |              F
      24   [      21      12 ]      0.053051   -0.000845649  0.9480  16200   [       3      20 ]      0.013218   -0.003355695  0.9668    16200       1   24587600 |              F
      25                  NONE                                                               [       3      20 ]      0.013218   -0.003355695  0.9668    16200       1   24587600 |                                          -
      25   [      26      10 ]      0.084535   -0.002374785  0.9481  16200   [       3      20 ]      0.013218   -0.003355695  0.9668    16200       1   25773200 |              F
      26   [      21      12 ]      0.053051   -0.000845649  0.9480  16200   [       3      20 ]      0.013218   -0.003355695  0.9668    16200       1   27501200 |              F
      27   [      35       7 ]      0.162892   -0.001287282  0.9479  16200   [       3      20 ]      0.013218   -0.003355695  0.9668    16200       1   28606800 |              F
      28   [       8      17 ]      0.015684   -0.001615668  0.9505  16200   [       3      20 ]      0.013218   -0.003355695  0.9668    16200       1   29412400 |              F
      29   [      35       7 ]      0.162892   -0.001287282  0.9479  16200   [       3      20 ]      0.013218   -0.003355695  0.9668    16200       1   30506400 |              F
      30   [      46       3 ]      0.348851   -0.050648363  0.9507  16200   [       3      20 ]      0.013218   -0.003355695  0.9668    16200       1   31627200 |              F
      31                  NONE                                                               [       3      20 ]      0.013218   -0.003355695  0.9668    16200       1   31627200 |                                          -
      31   [      14      15 ]      0.022506   -0.000132085  0.9479  16200   [       3      20 ]      0.013218   -0.003355695  0.9668    16200       1   33085200 |              F
      32   [      21      12 ]      0.053051   -0.000845649  0.9480  16200   [       3      20 ]      0.013218   -0.003355695  0.9668    16200       1   34824400 |              F
      33   [      14      15 ]      0.022506   -0.000132085  0.9479  16200   [       3      20 ]      0.013218   -0.003355695  0.9668    16200       1   36282400 |              F
      34   [      46       3 ]      0.348851   -0.050648363  0.9507  16200   [       3      20 ]      0.013218   -0.003355695  0.9668    16200       1   37402400 |              F
      35   [      43       4 ]      0.284566   -0.002037721  0.9479  16200   [       3      20 ]      0.013218   -0.003355695  0.9668    16200       1   39522000 |              F
      36   [      14      15 ]      0.022506   -0.000132085  0.9479  16200   [       3      20 ]      0.013218   -0.003355695  0.9668    16200       1   40931200 |              F
      37   [      43       4 ]      0.284566   -0.002037721  0.9479  16200   [       3      20 ]      0.013218   -0.003355695  0.9668    16200       1   43006000 |              F
      38   [      26      10 ]      0.084535   -0.002374785  0.9481  16200   [       3      20 ]      0.013218   -0.003355695  0.9668    16200       1   44169200 |              F
      39   [      26      10 ]      0.084535   -0.002374785  0.9481  16200   [       3      20 ]      0.013218   -0.003355695  0.9668    16200       1   45344400 |              F
      40   [      43       4 ]      0.284566   -0.002037721  0.9479  16200   [       3      20 ]      0.013218   -0.003355695  0.9668    16200       1   47476000 |              F
      41   [      46       3 ]      0.348851   -0.050648363  0.9507  16200   [       3      20 ]      0.013218   -0.003355695  0.9668    16200       1   48596000 |              F
      42                  NONE                                                               [       3      20 ]      0.013218   -0.003355695  0.9668    16200       1   48596000 |                                          -
      42                  NONE                                                               [       3      20 ]      0.013218   -0.003355695  0.9668    16200       1   48596000 |                                          -
      42   [       6      18 ]      0.013923   -0.001026430  0.9502  16200   [       3      20 ]      0.013218   -0.003355695  0.9668    16200       1   49421600 |              F
      43   [      43       4 ]      0.284566   -0.002037721  0.9479  16200   [       3      20 ]      0.013218   -0.003355695  0.9668    16200       1   51496400 |              F
