
--------------------------------------------------------------------------------------------------------------------------------------------------------------------------------------------------|----------X_r-------------------------------
 Restart                             Suggested                                                                         Current                                                              Total |                                Feasibility/
     No.                              Solution                                                                            Best                                                               Work |                                  Optimality
       r                                   X_r            gk             fk    phat     mk                               Z_r-1             gk             fk     phat   mkprev              (w_r) |             g             f
--------------------------------------------------------------------------------------------------------------------------------------------------------------------------------------------------|----------X_r-------------------------------
       1   [      44       4 ]      0.267683   -0.264704751  0.9656   5400                                                                                                 608400 |              F
       2   [      14      15 ]      0.022506   -0.000132085  0.9479  16200   [      44       4 ]      0.284571   -0.002037721  0.9479    16200       1    2302400 |              F
       3   [       6      18 ]      0.013923   -0.001026430  0.9502  16200   [      14      15 ]      0.022506   -0.000132085  0.9479    16200       1    3128000 |              F
       4   [      46       3 ]      0.348851   -0.050648363  0.9507  16200   [       6      18 ]      0.013923   -0.001026430  0.9502    16200       1    4248800 |              F
       5   [       6      18 ]      0.013923   -0.001026430  0.9502  16200   [       6      18 ]      0.013923   -0.001026430  0.9502    16200       1    5073600 |              F
       6   [      56       0 ]      1.000000  -11.000000000  1.0000  16200   [       6      18 ]      0.013923   -0.001026430  0.9502    16200       1    5224400 |              F
       7   [      35       7 ]      0.162892   -0.001287282  0.9479  16200   [       6      18 ]      0.013923   -0.001026430  0.9502    16200       1    6371600 |              F
       8   [      11      16 ]      0.018010   -0.000169336  0.9480  16200   [       6      18 ]      0.013923   -0.001026430  0.9502    16200       1    7228800 |              F
       9   [      35       7 ]      0.162892   -0.001287282  0.9479  16200   [       6      18 ]      0.013923   -0.001026430  0.9502    16200       1    8351600 |              F
      10   [      35       7 ]      0.162892   -0.001287282  0.9479  16200   [       6      18 ]      0.013923   -0.001026430  0.9502    16200       1    9486400 |              F
      11   [      21      12 ]      0.053051   -0.000845649  0.9480  16200   [       6      18 ]      0.013923   -0.001026430  0.9502    16200       1   10345200 |              F
      12   [      35       7 ]      0.162892   -0.001287282  0.9479  16200   [       6      18 ]      0.013923   -0.001026430  0.9502    16200       1   11479600 |              F
      13   [      14      15 ]      0.022506   -0.000132085  0.9479  16200   [       6      18 ]      0.013923   -0.001026430  0.9502    16200       1   12894000 |              F
      14   [      14      15 ]      0.022506   -0.000132085  0.9479  16200   [       6      18 ]      0.013923   -0.001026430  0.9502    16200       1   14352000 |              F
      15   [      35       7 ]      0.162892   -0.001287282  0.9479  16200   [       6      18 ]      0.013923   -0.001026430  0.9502    16200       1   15486400 |              F
      16   [      23      11 ]      0.066862   -0.015337924  0.9509  16200   [       6      18 ]      0.013923   -0.001026430  0.9502    16200       1   16440800 |              F
      17   [       6      18 ]      0.013923   -0.001026430  0.9502  16200   [       6      18 ]      0.013923   -0.001026430  0.9502    16200       1   17265600 |              F
      18   [       6      18 ]      0.013923   -0.001026430  0.9502  16200   [       6      18 ]      0.013923   -0.001026430  0.9502    16200       1   18090400 |              F
      19   [      14      15 ]      0.022506   -0.000132085  0.9479  16200   [       6      18 ]      0.013923   -0.001026430  0.9502    16200       1   19556000 |              F
      20   [       5      19 ]      0.013257   -0.000491402  0.9496  16200   [       6      18 ]      0.013923   -0.001026430  0.9502    16200       1   20346400 |              F
      21   [       5      19 ]      0.013257   -0.000491402  0.9496  16200   [       5      19 ]      0.013257   -0.000491402  0.9496    16200       1   21137600 |              F
      22   [      26      10 ]      0.084535   -0.002374785  0.9481  16200   [       5      19 ]      0.013257   -0.000491402  0.9496    16200       1   22316800 |              F
      23   [      21      12 ]      0.053051   -0.000845649  0.9480  16200   [       5      19 ]      0.013257   -0.000491402  0.9496    16200       1   24051200 |              F
      24   [      26      10 ]      0.084535   -0.002374785  0.9481  16200   [       5      19 ]      0.013257   -0.000491402  0.9496    16200       1   25236800 |              F
      25   [      43       4 ]      0.284566   -0.002037721  0.9479  16200   [       5      19 ]      0.013257   -0.000491402  0.9496    16200       1   27311200 |              F
      26   [      46       3 ]      0.348851   -0.050648363  0.9507  16200   [       5      19 ]      0.013257   -0.000491402  0.9496    16200       1   28436800 |              F
      27   [      14      15 ]      0.022506   -0.000132085  0.9479  16200   [       5      19 ]      0.013257   -0.000491402  0.9496    16200       1   29834800 |              F
      28                  NONE                                                               [       5      19 ]      0.013257   -0.000491402  0.9496    16200       1   29834800 |                                          -
      28   [      38       6 ]      0.191215   -0.014882997  0.9491  16200   [       5      19 ]      0.013257   -0.000491402  0.9496    16200       1   31282400 |              F
      29   [       8      17 ]      0.015684   -0.001615668  0.9505  16200   [       5      19 ]      0.013257   -0.000491402  0.9496    16200       1   32093600 |              F
      30   [      21      12 ]      0.053051   -0.000845649  0.9480  16200   [       5      19 ]      0.013257   -0.000491402  0.9496    16200       1   33868000 |              F
      31   [      14      15 ]      0.022506   -0.000132085  0.9479  16200   [       5      19 ]      0.013257   -0.000491402  0.9496    16200       1   35266000 |              F
      32   [      21      12 ]      0.053051   -0.000845649  0.9480  16200   [       5      19 ]      0.013257   -0.000491402  0.9496    16200       1   36999600 |              F
      33   [      14      15 ]      0.022506   -0.000132085  0.9479  16200   [       5      19 ]      0.013257   -0.000491402  0.9496    16200       1   38408800 |              F
      34   [      21      12 ]      0.053051   -0.000845649  0.9480  16200   [       5      19 ]      0.013257   -0.000491402  0.9496    16200       1   40136800 |              F
      35   [      43       4 ]      0.284566   -0.002037721  0.9479  16200   [       5      19 ]      0.013257   -0.000491402  0.9496    16200       1   42279600 |              F
      36   [      56       0 ]      1.000000  -11.000000000  1.0000  16200   [       5      19 ]      0.013257   -0.000491402  0.9496    16200       1   42430400 |              F
      37   [      43       4 ]      0.284566   -0.002037721  0.9479  16200   [       5      19 ]      0.013257   -0.000491402  0.9496    16200       1   44573600 |              F
      38   [      46       3 ]      0.348851   -0.050648363  0.9507  16200   [       5      19 ]      0.013257   -0.000491402  0.9496    16200       1   45694800 |              F
      39   [      14      15 ]      0.022506   -0.000132085  0.9479  16200   [       5      19 ]      0.013257   -0.000491402  0.9496    16200       1   47092400 |              F
      40   [      14      15 ]      0.022506   -0.000132085  0.9479  16200   [       5      19 ]      0.013257   -0.000491402  0.9496    16200       1   48550000 |              F
      41   [      35       7 ]      0.162892   -0.001287282  0.9479  16200   [       5      19 ]      0.013257   -0.000491402  0.9496    16200       1   49686800 |              F
      42   [      56       0 ]      1.000000  -11.000000000  1.0000  16200   [       5      19 ]      0.013257   -0.000491402  0.9496    16200       1   49837600 |              F
      43   [      21      12 ]      0.053051   -0.000845649  0.9480  16200   [       5      19 ]      0.013257   -0.000491402  0.9496    16200       1   51582000 |              F
