
--------------------------------------------------------------------------------------------------------------------------------------------------------------------------------------------------|----------X_r-------------------------------
 Restart                             Suggested                                                                         Current                                                              Total |                                Feasibility/
     No.                              Solution                                                                            Best                                                               Work |                                  Optimality
       r                                   X_r            gk             fk    phat     mk                               Z_r-1             gk             fk     phat   mkprev              (w_r) |             g             f
--------------------------------------------------------------------------------------------------------------------------------------------------------------------------------------------------|----------X_r-------------------------------
       1   [      13       3 ]      0.171396   -0.000533618  0.9663  16200                                                                                                2450400 |              F
       2   [      13       3 ]      0.171396   -0.000533618  0.9663  16200   [      13       3 ]      0.171396   -0.000533618  0.9663    16200       1    4901600 |              F
       3   [      12       4 ]      0.170983   -0.000033902  0.9600  48600   [      13       3 ]      0.172056   -0.000030459  0.9582    48600       1   10796400 |              F
       4                  NONE                                                               [      12       4 ]      0.170983   -0.000033902  0.9600    48600       1   10796400 |                                          -
       4                  NONE                                                               [      12       4 ]      0.170983   -0.000033902  0.9600    48600       1   10796400 |                                          -
       4                  NONE                                                               [      12       4 ]      0.170983   -0.000033902  0.9600    48600       1   10796400 |                                          -
       4   [      19       0 ]      1.000000   -0.500000000  1.0000  48600   [      12       4 ]      0.170983   -0.000033902  0.9600    48600       1   11111600 |              F
       5   [      12       4 ]      0.170983   -0.000033902  0.9600  48600   [      12       4 ]      0.170983   -0.000033902  0.9600    48600       1   15989600 |              F
       6   [      12       4 ]      0.170983   -0.000033902  0.9600  48600   [      12       4 ]      0.170983   -0.000033902  0.9600    48600       1   20730000 |              F
       7   [      13       3 ]      0.172056   -0.000030459  0.9582  48600   [      12       4 ]      0.170983   -0.000033902  0.9600    48600       1   24206000 |              F
       8   [      13       3 ]      0.172056   -0.000030459  0.9582  48600   [      12       4 ]      0.170983   -0.000033902  0.9600    48600       1   27670400 |              F
       9   [      12       4 ]      0.170983   -0.000033902  0.9600  48600   [      12       4 ]      0.170983   -0.000033902  0.9600    48600       1   32459200 |              F
