
--------------------------------------------------------------------------------------------------------------------------------------------------------------------------------------------------|----------X_r-------------------------------
 Restart                             Suggested                                                                         Current                                                              Total |                                Feasibility/
     No.                              Solution                                                                            Best                                                               Work |                                  Optimality
       r                                   X_r            gk             fk    phat     mk                               Z_r-1             gk             fk     phat   mkprev              (w_r) |             g             f
--------------------------------------------------------------------------------------------------------------------------------------------------------------------------------------------------|----------X_r-------------------------------
       1   [      12       4 ]      0.170983   -0.000033902  0.9600  48600                                                                                                4890400 |              F
       2                  NONE                                                               [      12       4 ]      0.170983   -0.000033902  0.9600    48600       1    4890400 |                                          -
       2                  NONE                                                               [      12       4 ]      0.170983   -0.000033902  0.9600    48600       1    4890400 |                                          -
       2   [      13       3 ]      0.172056   -0.000030459  0.9582  48600   [      12       4 ]      0.170983   -0.000033902  0.9600    48600       1    8366800 |              F
       3   [      12       4 ]      0.170983   -0.000033902  0.9600  48600   [      12       4 ]      0.170983   -0.000033902  0.9600    48600       1   13107200 |              F
       4   [      12       4 ]      0.170983   -0.000033902  0.9600  48600   [      12       4 ]      0.170983   -0.000033902  0.9600    48600       1   17856800 |              F
       5   [      12       4 ]      0.170983   -0.000033902  0.9600  48600   [      12       4 ]      0.170983   -0.000033902  0.9600    48600       1   22720000 |              F
       6   [      12       4 ]      0.170983   -0.000033902  0.9600  48600   [      12       4 ]      0.170983   -0.000033902  0.9600    48600       1   27467200 |              F
       7                  NONE                                                               [      12       4 ]      0.170983   -0.000033902  0.9600    48600       1   27467200 |                                          -
       7                  NONE                                                               [      12       4 ]      0.170983   -0.000033902  0.9600    48600       1   27467200 |                                          -
       7   [      12       4 ]      0.170983   -0.000033902  0.9600  48600   [      12       4 ]      0.170983   -0.000033902  0.9600    48600       1   32242000 |              F
