
--------------------------------------------------------------------------------------------------------------------------------------------------------------------------------------------------|----------X_r-------------------------------
 Restart                             Suggested                                                                         Current                                                              Total |                                Feasibility/
     No.                              Solution                                                                            Best                                                               Work |                                  Optimality
       r                                   X_r            gk             fk    phat     mk                               Z_r-1             gk             fk     phat   mkprev              (w_r) |             g             f
--------------------------------------------------------------------------------------------------------------------------------------------------------------------------------------------------|----------X_r-------------------------------
       1   [      13       3 ]      0.171396   -0.000533618  0.9663  16200                                                                                                2450400 |              F
       2                  NONE                                                               [      13       3 ]      0.171396   -0.000533618  0.9663    16200       1    2450400 |                                          -
       2                  NONE                                                               [      13       3 ]      0.171396   -0.000533618  0.9663    16200       1    2450400 |                                          -
       2                  NONE                                                               [      13       3 ]      0.171396   -0.000533618  0.9663    16200       1    2450400 |                                          -
       2                  NONE                                                               [      13       3 ]      0.171396   -0.000533618  0.9663    16200       1    2450400 |                                          -
       2   [      13       3 ]      0.171396   -0.000533618  0.9663  16200   [      13       3 ]      0.171396   -0.000533618  0.9663    16200       1    4900800 |              F
       3   [      19       0 ]      1.000000   -0.500000000  1.0000  48600   [      13       3 ]      0.172056   -0.000030459  0.9582    48600       1    6240800 |              F
       4   [      12       4 ]      0.170983   -0.000033902  0.9600  48600   [      13       3 ]      0.172056   -0.000030459  0.9582    48600       1   11118400 |              F
       5   [      12       4 ]      0.170983   -0.000033902  0.9600  48600   [      12       4 ]      0.170983   -0.000033902  0.9600    48600       1   15982400 |              F
       6   [      13       3 ]      0.172056   -0.000030459  0.9582  48600   [      12       4 ]      0.170983   -0.000033902  0.9600    48600       1   19446800 |              F
       7   [      13       3 ]      0.172056   -0.000030459  0.9582  48600   [      12       4 ]      0.170983   -0.000033902  0.9600    48600       1   22922800 |              F
       8   [      12       4 ]      0.170983   -0.000033902  0.9600  48600   [      12       4 ]      0.170983   -0.000033902  0.9600    48600       1   27662400 |              F
       9   [      19       0 ]      1.000000   -0.500000000  1.0000  48600   [      12       4 ]      0.170983   -0.000033902  0.9600    48600       1   27977600 |              F
      10   [      12       4 ]      0.170983   -0.000033902  0.9600  48600   [      12       4 ]      0.170983   -0.000033902  0.9600    48600       1   32848400 |              F
