
--------------------------------------------------------------------------------------------------------------------------------------------------------------------------------------------------|----------X_r-------------------------------
 Restart                             Suggested                                                                         Current                                                              Total |                                Feasibility/
     No.                              Solution                                                                            Best                                                               Work |                                  Optimality
       r                                   X_r            gk             fk    phat     mk                               Z_r-1             gk             fk     phat   mkprev              (w_r) |             g             f
--------------------------------------------------------------------------------------------------------------------------------------------------------------------------------------------------|----------X_r-------------------------------
       1   [      13       3 ]      0.171396   -0.000533618  0.9663  16200                                                                                                2449600 |              F
       2                  NONE                                                               [      13       3 ]      0.171396   -0.000533618  0.9663    16200       1    2449600 |                                          -
       2   [      12       4 ]      0.170983   -0.000033902  0.9600  48600   [      13       3 ]      0.172056   -0.000030459  0.9582    48600       1    8338000 |              F
       3                  NONE                                                               [      12       4 ]      0.170983   -0.000033902  0.9600    48600       1    8338000 |                                          -
       3   [      12       4 ]      0.170983   -0.000033902  0.9600  48600   [      12       4 ]      0.170983   -0.000033902  0.9600    48600       1   13215600 |              F
       4                  NONE                                                               [      12       4 ]      0.170983   -0.000033902  0.9600    48600       1   13215600 |                                          -
       4   [      13       3 ]      0.172056   -0.000030459  0.9582  48600   [      12       4 ]      0.170983   -0.000033902  0.9600    48600       1   16690800 |              F
       5                  NONE                                                               [      12       4 ]      0.170983   -0.000033902  0.9600    48600       1   16690800 |                                          -
       5                  NONE                                                               [      12       4 ]      0.170983   -0.000033902  0.9600    48600       1   16690800 |                                          -
       5   [      13       3 ]      0.172056   -0.000030459  0.9582  48600   [      12       4 ]      0.170983   -0.000033902  0.9600    48600       1   20167200 |              F
       6                  NONE                                                               [      12       4 ]      0.170983   -0.000033902  0.9600    48600       1   20167200 |                                          -
       6                  NONE                                                               [      12       4 ]      0.170983   -0.000033902  0.9600    48600       1   20167200 |                                          -
       6                  NONE                                                               [      12       4 ]      0.170983   -0.000033902  0.9600    48600       1   20167200 |                                          -
       6                  NONE                                                               [      12       4 ]      0.170983   -0.000033902  0.9600    48600       1   20167200 |                                          -
       6   [      12       4 ]      0.170983   -0.000033902  0.9600  48600   [      12       4 ]      0.170983   -0.000033902  0.9600    48600       1   25044800 |              F
       7   [      12       4 ]      0.170983   -0.000033902  0.9600  48600   [      12       4 ]      0.170983   -0.000033902  0.9600    48600       1   29909200 |              F
       8                  NONE                                                               [      12       4 ]      0.170983   -0.000033902  0.9600    48600       1   29909200 |                                          -
       8                  NONE                                                               [      12       4 ]      0.170983   -0.000033902  0.9600    48600       1   29909200 |                                          -
       8   [      13       3 ]      0.172056   -0.000030459  0.9582  48600   [      12       4 ]      0.170983   -0.000033902  0.9600    48600       1   33385600 |              F
