
--------------------------------------------------------------------------------------------------------------------------------------------------------------------------------------------------|----------X_r-------------------------------
 Restart                             Suggested                                                                         Current                                                              Total |                                Feasibility/
     No.                              Solution                                                                            Best                                                               Work |                                  Optimality
       r                                   X_r            gk             fk    phat     mk                               Z_r-1             gk             fk     phat   mkprev              (w_r) |             g             f
--------------------------------------------------------------------------------------------------------------------------------------------------------------------------------------------------|----------X_r-------------------------------
       1                  NONE                                                                                                                                                               0 |                                          -
       1                  NONE                                                                                                                                                               0 |                                          -
       1   [      12       4 ]      0.170983   -0.000033902  0.9600  48600                                                                                                4732800 |              F
       2   [      12       4 ]      0.170983   -0.000033902  0.9600  48600   [      12       4 ]      0.170983   -0.000033902  0.9600    48600       1    9491600 |              F
       3   [      12       4 ]      0.170983   -0.000033902  0.9600  48600   [      12       4 ]      0.170983   -0.000033902  0.9600    48600       1   14236800 |              F
       4                  NONE                                                               [      12       4 ]      0.170983   -0.000033902  0.9600    48600       1   14236800 |                                          -
       4   [      12       4 ]      0.170983   -0.000033902  0.9600  48600   [      12       4 ]      0.170983   -0.000033902  0.9600    48600       1   19114800 |              F
       5                  NONE                                                               [      12       4 ]      0.170983   -0.000033902  0.9600    48600       1   19114800 |                                          -
       5                  NONE                                                               [      12       4 ]      0.170983   -0.000033902  0.9600    48600       1   19114800 |                                          -
       5   [      12       4 ]      0.170983   -0.000033902  0.9600  48600   [      12       4 ]      0.170983   -0.000033902  0.9600    48600       1   23862000 |              F
       6                  NONE                                                               [      12       4 ]      0.170983   -0.000033902  0.9600    48600       1   23862000 |                                          -
       6                  NONE                                                               [      12       4 ]      0.170983   -0.000033902  0.9600    48600       1   23862000 |                                          -
       6   [      12       4 ]      0.170983   -0.000033902  0.9600  48600   [      12       4 ]      0.170983   -0.000033902  0.9600    48600       1   28740000 |              F
       7   [      13       3 ]      0.172056   -0.000030459  0.9582  48600   [      12       4 ]      0.170983   -0.000033902  0.9600    48600       1   32215200 |              F
