
--------------------------------------------------------------------------------------------------------------------------------------------------------------------------------------------------|----------X_r-------------------------------
 Restart                             Suggested                                                                         Current                                                              Total |                                Feasibility/
     No.                              Solution                                                                            Best                                                               Work |                                  Optimality
       r                                   X_r            gk             fk    phat     mk                               Z_r-1             gk             fk     phat   mkprev              (w_r) |             g             f
--------------------------------------------------------------------------------------------------------------------------------------------------------------------------------------------------|----------X_r-------------------------------
       1   [      13       3 ]      0.171396   -0.000533618  0.9663  16200                                                                                                2451200 |              F
       2                  NONE                                                               [      13       3 ]      0.171396   -0.000533618  0.9663    16200       1    2451200 |                                          -
       2                  NONE                                                               [      13       3 ]      0.171396   -0.000533618  0.9663    16200       1    2451200 |                                          -
       2   [      12       4 ]      0.170983   -0.000033902  0.9600  48600   [      13       3 ]      0.172056   -0.000030459  0.9582    48600       1    8229600 |              F
       3                  NONE                                                               [      12       4 ]      0.170983   -0.000033902  0.9600    48600       1    8229600 |                                          -
       3   [      13       3 ]      0.172056   -0.000030459  0.9582  48600   [      12       4 ]      0.170983   -0.000033902  0.9600    48600       1   11704800 |              F
       4   [      12       4 ]      0.170983   -0.000033902  0.9600  48600   [      12       4 ]      0.170983   -0.000033902  0.9600    48600       1   16486400 |              F
       5   [      13       3 ]      0.172056   -0.000030459  0.9582  48600   [      12       4 ]      0.170983   -0.000033902  0.9600    48600       1   19962400 |              F
       6                  NONE                                                               [      12       4 ]      0.170983   -0.000033902  0.9600    48600       1   19962400 |                                          -
       6                  NONE                                                               [      12       4 ]      0.170983   -0.000033902  0.9600    48600       1   19962400 |                                          -
       6                  NONE                                                               [      12       4 ]      0.170983   -0.000033902  0.9600    48600       1   19962400 |                                          -
       6   [      12       4 ]      0.170983   -0.000033902  0.9600  48600   [      12       4 ]      0.170983   -0.000033902  0.9600    48600       1   24744000 |              F
       7   [      12       4 ]      0.170983   -0.000033902  0.9600  48600   [      12       4 ]      0.170983   -0.000033902  0.9600    48600       1   29504800 |              F
       8                  NONE                                                               [      12       4 ]      0.170983   -0.000033902  0.9600    48600       1   29504800 |                                          -
       8   [      12       4 ]      0.170983   -0.000033902  0.9600  48600   [      12       4 ]      0.170983   -0.000033902  0.9600    48600       1   34395200 |              F
