
--------------------------------------------------------------------------------------------------------------------------------------------------------------------------------------------------|----------X_r-------------------------------
 Restart                             Suggested                                                                         Current                                                              Total |                                Feasibility/
     No.                              Solution                                                                            Best                                                               Work |                                  Optimality
       r                                   X_r            gk             fk    phat     mk                               Z_r-1             gk             fk     phat   mkprev              (w_r) |             g             f
--------------------------------------------------------------------------------------------------------------------------------------------------------------------------------------------------|----------X_r-------------------------------
       1                  NONE                                                                                                                                                               0 |                                          -
       1   [      13       3 ]      0.171396   -0.000533618  0.9663  16200                                                                                                2444000 |              F
       2   [      13       3 ]      0.171396   -0.000533618  0.9663  16200   [      13       3 ]      0.171396   -0.000533618  0.9663    16200       1    4883600 |              F
       3   [      12       4 ]      0.170983   -0.000033902  0.9600  48600   [      13       3 ]      0.172056   -0.000030459  0.9582    48600       1   10798800 |              F
       4   [      12       4 ]      0.170983   -0.000033902  0.9600  48600   [      12       4 ]      0.170983   -0.000033902  0.9600    48600       1   15539200 |              F
       5                  NONE                                                               [      12       4 ]      0.170983   -0.000033902  0.9600    48600       1   15539200 |                                          -
       5   [      12       4 ]      0.170983   -0.000033902  0.9600  48600   [      12       4 ]      0.170983   -0.000033902  0.9600    48600       1   20292400 |              F
       6                  NONE                                                               [      12       4 ]      0.170983   -0.000033902  0.9600    48600       1   20292400 |                                          -
       6                  NONE                                                               [      12       4 ]      0.170983   -0.000033902  0.9600    48600       1   20292400 |                                          -
       6   [      13       3 ]      0.172056   -0.000030459  0.9582  48600   [      12       4 ]      0.170983   -0.000033902  0.9600    48600       1   23768400 |              F
       7   [      12       4 ]      0.170983   -0.000033902  0.9600  48600   [      12       4 ]      0.170983   -0.000033902  0.9600    48600       1   28646400 |              F
       8                  NONE                                                               [      12       4 ]      0.170983   -0.000033902  0.9600    48600       1   28646400 |                                          -
       8   [      13       3 ]      0.172056   -0.000030459  0.9582  48600   [      12       4 ]      0.170983   -0.000033902  0.9600    48600       1   32122800 |              F
