
--------------------------------------------------------------------------------------------------------------------------------------------------------------------------------------------------|----------X_r-------------------------------
 Restart                             Suggested                                                                         Current                                                              Total |                                Feasibility/
     No.                              Solution                                                                            Best                                                               Work |                                  Optimality
       r                                   X_r            gk             fk    phat     mk                               Z_r-1             gk             fk     phat   mkprev              (w_r) |             g             f
--------------------------------------------------------------------------------------------------------------------------------------------------------------------------------------------------|----------X_r-------------------------------
       1   [      12       4 ]      0.170983   -0.000033902  0.9600  48600                                                                                                4878000 |              F
       2   [      19       0 ]      1.000000   -0.500000000  1.0000  48600   [      12       4 ]      0.170983   -0.000033902  0.9600    48600       1    5193200 |              F
       3   [      13       3 ]      0.172056   -0.000030459  0.9582  48600   [      12       4 ]      0.170983   -0.000033902  0.9600    48600       1    8662000 |              F
       4                  NONE                                                               [      12       4 ]      0.170983   -0.000033902  0.9600    48600       1    8662000 |                                          -
       4                  NONE                                                               [      12       4 ]      0.170983   -0.000033902  0.9600    48600       1    8662000 |                                          -
       4   [      12       4 ]      0.170983   -0.000033902  0.9600  48600   [      12       4 ]      0.170983   -0.000033902  0.9600    48600       1   13422800 |              F
       5   [      12       4 ]      0.170983   -0.000033902  0.9600  48600   [      12       4 ]      0.170983   -0.000033902  0.9600    48600       1   18163200 |              F
       6   [      13       3 ]      0.172056   -0.000030459  0.9582  48600   [      12       4 ]      0.170983   -0.000033902  0.9600    48600       1   21638400 |              F
       7                  NONE                                                               [      12       4 ]      0.170983   -0.000033902  0.9600    48600       1   21638400 |                                          -
       7   [      12       4 ]      0.170983   -0.000033902  0.9600  48600   [      12       4 ]      0.170983   -0.000033902  0.9600    48600       1   26378800 |              F
       8                  NONE                                                               [      12       4 ]      0.170983   -0.000033902  0.9600    48600       1   26378800 |                                          -
       8   [      13       3 ]      0.172056   -0.000030459  0.9582  48600   [      12       4 ]      0.170983   -0.000033902  0.9600    48600       1   29843200 |              F
       9   [      13       3 ]      0.172056   -0.000030459  0.9582  48600   [      12       4 ]      0.170983   -0.000033902  0.9600    48600       1   33307600 |              F
