
--------------------------------------------------------------------------------------------------------------------------------------------------------------------------------------------------|----------X_r-------------------------------
 Restart                             Suggested                                                                         Current                                                              Total |                                Feasibility/
     No.                              Solution                                                                            Best                                                               Work |                                  Optimality
       r                                   X_r            gk             fk    phat     mk                               Z_r-1             gk             fk     phat   mkprev              (w_r) |             g             f
--------------------------------------------------------------------------------------------------------------------------------------------------------------------------------------------------|----------X_r-------------------------------
       1   [      12       4 ]      0.170983   -0.000033902  0.9600  48600                                                                                                4853200 |              F
       2   [      12       4 ]      0.170983   -0.000033902  0.9600  48600   [      12       4 ]      0.170983   -0.000033902  0.9600    48600       1    9692800 |              F
       3                  NONE                                                               [      12       4 ]      0.170983   -0.000033902  0.9600    48600       1    9692800 |                                          -
       3                  NONE                                                               [      12       4 ]      0.170983   -0.000033902  0.9600    48600       1    9692800 |                                          -
       3   [      12       4 ]      0.170983   -0.000033902  0.9600  48600   [      12       4 ]      0.170983   -0.000033902  0.9600    48600       1   14441600 |              F
       4   [      12       4 ]      0.170983   -0.000033902  0.9600  48600   [      12       4 ]      0.170983   -0.000033902  0.9600    48600       1   19312400 |              F
       5   [      12       4 ]      0.170983   -0.000033902  0.9600  48600   [      12       4 ]      0.170983   -0.000033902  0.9600    48600       1   24073200 |              F
       6   [      12       4 ]      0.170983   -0.000033902  0.9600  48600   [      12       4 ]      0.170983   -0.000033902  0.9600    48600       1   28822800 |              F
       7   [      12       4 ]      0.170983   -0.000033902  0.9600  48600   [      12       4 ]      0.170983   -0.000033902  0.9600    48600       1   33604800 |              F
