
--------------------------------------------------------------------------------------------------------------------------------------------------------------------------------------------------|----------X_r-------------------------------
 Restart                             Suggested                                                                         Current                                                              Total |                                Feasibility/
     No.                              Solution                                                                            Best                                                               Work |                                  Optimality
       r                                   X_r            gk             fk    phat     mk                               Z_r-1             gk             fk     phat   mkprev              (w_r) |             g             f
--------------------------------------------------------------------------------------------------------------------------------------------------------------------------------------------------|----------X_r-------------------------------
       1                  NONE                                                                                                                                                               0 |                                          -
       1   [      12       4 ]      0.170983   -0.000033902  0.9600  48600                                                                                                4878000 |              F
       2   [      12       4 ]      0.170983   -0.000033902  0.9600  48600   [      12       4 ]      0.170983   -0.000033902  0.9600    48600       1    9762400 |              F
       3   [      12       4 ]      0.170983   -0.000033902  0.9600  48600   [      12       4 ]      0.170983   -0.000033902  0.9600    48600       1   14523600 |              F
       4   [      12       4 ]      0.170983   -0.000033902  0.9600  48600   [      12       4 ]      0.170983   -0.000033902  0.9600    48600       1   19270800 |              F
       5   [      12       4 ]      0.170983   -0.000033902  0.9600  48600   [      12       4 ]      0.170983   -0.000033902  0.9600    48600       1   24031600 |              F
       6   [      12       4 ]      0.170983   -0.000033902  0.9600  48600   [      12       4 ]      0.170983   -0.000033902  0.9600    48600       1   28862000 |              F
       7   [      12       4 ]      0.170983   -0.000033902  0.9600  48600   [      12       4 ]      0.170983   -0.000033902  0.9600    48600       1   33594800 |              F
