
--------------------------------------------------------------------------------------------------------------------------------------------------------------------------------------------------|----------X_r-------------------------------
 Restart                             Suggested                                                                         Current                                                              Total |                                Feasibility/
     No.                              Solution                                                                            Best                                                               Work |                                  Optimality
       r                                   X_r            gk             fk    phat     mk                               Z_r-1             gk             fk     phat   mkprev              (w_r) |             g             f
--------------------------------------------------------------------------------------------------------------------------------------------------------------------------------------------------|----------X_r-------------------------------
       1   [      13       3 ]      0.171396   -0.000533618  0.9663  16200                                                                                                2450400 |              F
       2   [      12       4 ]      0.170983   -0.000033902  0.9600  48600   [      13       3 ]      0.172056   -0.000030459  0.9582    48600       1    8236000 |              F
       3   [      13       3 ]      0.172056   -0.000030459  0.9582  48600   [      12       4 ]      0.170983   -0.000033902  0.9600    48600       1   11700400 |              F
       4                  NONE                                                               [      12       4 ]      0.170983   -0.000033902  0.9600    48600       1   11700400 |                                          -
       4   [      13       3 ]      0.172056   -0.000030459  0.9582  48600   [      12       4 ]      0.170983   -0.000033902  0.9600    48600       1   15175600 |              F
       5                  NONE                                                               [      12       4 ]      0.170983   -0.000033902  0.9600    48600       1   15175600 |                                          -
       5   [      12       4 ]      0.170983   -0.000033902  0.9600  48600   [      12       4 ]      0.170983   -0.000033902  0.9600    48600       1   20046400 |              F
       6                  NONE                                                               [      12       4 ]      0.170983   -0.000033902  0.9600    48600       1   20046400 |                                          -
       6                  NONE                                                               [      12       4 ]      0.170983   -0.000033902  0.9600    48600       1   20046400 |                                          -
       6   [      12       4 ]      0.170983   -0.000033902  0.9600  48600   [      12       4 ]      0.170983   -0.000033902  0.9600    48600       1   24807200 |              F
       7                  NONE                                                               [      12       4 ]      0.170983   -0.000033902  0.9600    48600       1   24807200 |                                          -
       7                  NONE                                                               [      12       4 ]      0.170983   -0.000033902  0.9600    48600       1   24807200 |                                          -
       7                  NONE                                                               [      12       4 ]      0.170983   -0.000033902  0.9600    48600       1   24807200 |                                          -
       7                  NONE                                                               [      12       4 ]      0.170983   -0.000033902  0.9600    48600       1   24807200 |                                          -
       7   [      13       3 ]      0.172056   -0.000030459  0.9582  48600   [      12       4 ]      0.170983   -0.000033902  0.9600    48600       1   28271600 |              F
       8                  NONE                                                               [      12       4 ]      0.170983   -0.000033902  0.9600    48600       1   28271600 |                                          -
       8   [      12       4 ]      0.170983   -0.000033902  0.9600  48600   [      12       4 ]      0.170983   -0.000033902  0.9600    48600       1   33136000 |              F
