
--------------------------------------------------------------------------------------------------------------------------------------------------------------------------------------------------|----------X_r-------------------------------
 Restart                             Suggested                                                                         Current                                                              Total |                                Feasibility/
     No.                              Solution                                                                            Best                                                               Work |                                  Optimality
       r                                   X_r            gk             fk    phat     mk                               Z_r-1             gk             fk     phat   mkprev              (w_r) |             g             f
--------------------------------------------------------------------------------------------------------------------------------------------------------------------------------------------------|----------X_r-------------------------------
       1                  NONE                                                                                                                                                               0 |                                          -
       1                  NONE                                                                                                                                                               0 |                                          -
       1                  NONE                                                                                                                                                               0 |                                          -
       1                  NONE                                                                                                                                                               0 |                                          -
       1   [      12       4 ]      0.170983   -0.000033902  0.9600  48600                                                                                                4748800 |              F
       2   [      19       0 ]      1.000000   -0.500000000  1.0000  48600   [      12       4 ]      0.170983   -0.000033902  0.9600    48600       1    5064000 |              F
       3   [      12       4 ]      0.170983   -0.000033902  0.9600  48600   [      12       4 ]      0.170983   -0.000033902  0.9600    48600       1    9928000 |              F
       4   [      19       0 ]      1.000000   -0.500000000  1.0000  48600   [      12       4 ]      0.170983   -0.000033902  0.9600    48600       1   10243200 |              F
       5                  NONE                                                               [      12       4 ]      0.170983   -0.000033902  0.9600    48600       1   10243200 |                                          -
       5   [      12       4 ]      0.170983   -0.000033902  0.9600  48600   [      12       4 ]      0.170983   -0.000033902  0.9600    48600       1   14983600 |              F
       6   [      12       4 ]      0.170983   -0.000033902  0.9600  48600   [      12       4 ]      0.170983   -0.000033902  0.9600    48600       1   19861600 |              F
       7   [      12       4 ]      0.170983   -0.000033902  0.9600  48600   [      12       4 ]      0.170983   -0.000033902  0.9600    48600       1   24622800 |              F
       8                  NONE                                                               [      12       4 ]      0.170983   -0.000033902  0.9600    48600       1   24622800 |                                          -
       8                  NONE                                                               [      12       4 ]      0.170983   -0.000033902  0.9600    48600       1   24622800 |                                          -
       8   [      12       4 ]      0.170983   -0.000033902  0.9600  48600   [      12       4 ]      0.170983   -0.000033902  0.9600    48600       1   29362800 |              F
       9                  NONE                                                               [      12       4 ]      0.170983   -0.000033902  0.9600    48600       1   29362800 |                                          -
       9                  NONE                                                               [      12       4 ]      0.170983   -0.000033902  0.9600    48600       1   29362800 |                                          -
       9   [      13       3 ]      0.172056   -0.000030459  0.9582  48600   [      12       4 ]      0.170983   -0.000033902  0.9600    48600       1   32837200 |              F
