
--------------------------------------------------------------------------------------------------------------------------------------------------------------------------------------------------|----------X_r-------------------------------
 Restart                             Suggested                                                                         Current                                                              Total |                                Feasibility/
     No.                              Solution                                                                            Best                                                               Work |                                  Optimality
       r                                   X_r            gk             fk    phat     mk                               Z_r-1             gk             fk     phat   mkprev              (w_r) |             g             f
--------------------------------------------------------------------------------------------------------------------------------------------------------------------------------------------------|----------X_r-------------------------------
       1   [      13       3 ]      0.171396   -0.000533618  0.9663  16200                                                                                                2444000 |              F
       2   [      19       0 ]      1.000000   -0.500000000  1.0000  48600   [      13       3 ]      0.172056   -0.000030459  0.9582    48600       1    3784000 |              F
       3   [      19       0 ]      1.000000   -0.500000000  1.0000  48600   [      13       3 ]      0.172056   -0.000030459  0.9582    48600       1    4099200 |              F
       4   [      12       4 ]      0.170983   -0.000033902  0.9600  48600   [      13       3 ]      0.172056   -0.000030459  0.9582    48600       1    8852800 |              F
       5                  NONE                                                               [      12       4 ]      0.170983   -0.000033902  0.9600    48600       1    8852800 |                                          -
       5                  NONE                                                               [      12       4 ]      0.170983   -0.000033902  0.9600    48600       1    8852800 |                                          -
       5                  NONE                                                               [      12       4 ]      0.170983   -0.000033902  0.9600    48600       1    8852800 |                                          -
       5                  NONE                                                               [      12       4 ]      0.170983   -0.000033902  0.9600    48600       1    8852800 |                                          -
       5   [      12       4 ]      0.170983   -0.000033902  0.9600  48600   [      12       4 ]      0.170983   -0.000033902  0.9600    48600       1   13730800 |              F
       6   [      19       0 ]      1.000000   -0.500000000  1.0000  48600   [      12       4 ]      0.170983   -0.000033902  0.9600    48600       1   14046000 |              F
       7   [      13       3 ]      0.172056   -0.000030459  0.9582  48600   [      12       4 ]      0.170983   -0.000033902  0.9600    48600       1   17521200 |              F
       8   [      13       3 ]      0.172056   -0.000030459  0.9582  48600   [      12       4 ]      0.170983   -0.000033902  0.9600    48600       1   20996400 |              F
       9   [      13       3 ]      0.172056   -0.000030459  0.9582  48600   [      12       4 ]      0.170983   -0.000033902  0.9600    48600       1   24472800 |              F
      10                  NONE                                                               [      12       4 ]      0.170983   -0.000033902  0.9600    48600       1   24472800 |                                          -
      10   [      19       0 ]      1.000000   -0.500000000  1.0000  48600   [      12       4 ]      0.170983   -0.000033902  0.9600    48600       1   24788000 |              F
      11   [      13       3 ]      0.172056   -0.000030459  0.9582  48600   [      12       4 ]      0.170983   -0.000033902  0.9600    48600       1   28263600 |              F
      12   [      13       3 ]      0.172056   -0.000030459  0.9582  48600   [      12       4 ]      0.170983   -0.000033902  0.9600    48600       1   31738800 |              F
